 328 lines : diode.pro output for Si thickness of 5 microns and 100 microns - extended to 0.001 Angstrom
 3 columns : Wavelength (Angstrom), Response_Si_5microns (electrons/photon), Response_Si_100microns
   0.00100000  4.39191e-05   0.00255905
   0.00125893  7.04094e-05   0.00394005
   0.00158489  0.000112878   0.00606632
   0.00199526  0.000180961   0.00934002
   0.00251189  0.000290110    0.0143804
   0.00316228  0.000465093    0.0221408
   0.00398107  0.000745618    0.0340892
   0.00501187   0.00119535    0.0524856
   0.00630957   0.00191633    0.0808096
   0.00794328   0.00307219     0.124419
    0.0100000   0.00492522     0.191562
    0.0125893   0.00789592     0.294939
    0.0158489    0.0126584     0.454104
    0.0199526    0.0202935     0.699163
    0.0251189    0.0325338      1.07647
    0.0316228    0.0521569      1.65739
    0.0398107    0.0836159      2.55181
    0.0501187     0.134050      3.92890
    0.0630957     0.214903      6.04915
    0.0794328     0.344525      9.31359
     0.100000     0.552329      14.3397
     0.125893     0.885472      22.0782
     0.158489      1.41956      33.9928
     0.199526      2.27577      52.3371
     0.251189      3.64844      80.5811
     0.316228      5.84903      124.067
     0.398107      9.37694      191.020
     0.413233      10.0738      198.926
     0.424409      10.6329      209.737
     0.435885      11.2030      220.718
     0.447674      11.7807      231.798
     0.459795      12.3618      242.891
     0.472231      13.1548      258.080
     0.484997      13.9874      273.960
     0.498112      14.8556      290.444
     0.511596      15.7585      307.498
     0.525430      16.6944      325.076
     0.539634      17.6609      343.112
     0.554229      18.6551      361.532
     0.569218      19.6734      380.245
     0.584626      20.7104      399.128
     0.600426      21.7674      418.182
     0.616674      23.1123      442.510
     0.633340      24.5108      467.558
     0.650488      25.9578      493.190
     0.668086      27.4504      519.307
     0.686130      28.9839      545.771
     0.704695      30.5525      572.419
     0.723743      32.1485      599.057
     0.743315      33.7630      625.460
     0.763456      35.3841      651.345
     0.784074      37.3905      683.586
     0.805314      39.6534      719.622
     0.827073      42.0017      756.193
     0.849459      44.4300      793.073
     0.872414      46.9396      830.141
     0.895996      49.5111      866.932
     0.920273      52.1453      903.284
     0.945109      54.8235      938.762
     0.970715      57.5314      972.935
     0.996944      60.2531      1005.41
      1.02395      63.7245      1048.13
      1.05166      67.4151      1091.80
      1.08007      71.2279      1134.55
      1.10925      75.1488      1175.87
      1.13933      79.1682      1215.31
      1.17008      83.2727      1252.42
      1.20173      87.4361      1286.55
      1.23427      91.1938      1312.74
      1.26763      94.8514      1334.27
      1.30192      99.4650      1362.60
      1.33712      105.071      1399.38
      1.37329      110.851      1432.66
      1.41043      116.778      1461.84
      1.44859      122.837      1486.44
      1.48777      128.991      1505.86
      1.52800      135.218      1519.71
      1.56934      141.473      1527.49
      1.61178      147.708      1528.83
      1.65538      153.865      1523.37
      1.70015      161.988      1530.80
      1.74613      170.544      1535.02
      1.79337      179.273      1533.68
      1.84186      188.143      1526.76
      1.89169      197.112      1514.27
      1.94286      206.110      1496.33
      1.99540      215.078      1473.14
      2.04936      223.945      1444.95
      2.10479      232.623      1412.07
      2.16171      242.318      1382.36
      2.22021      254.192      1361.55
      2.28024      266.183      1337.90
      2.34193      278.231      1311.69
      2.40527      290.239      1283.23
      2.47031      302.136      1252.79
      2.53715      313.797      1220.58
      2.60573      325.109      1186.85
      2.67621      335.945      1151.70
      2.74860      346.157      1115.26
      2.82295      359.060      1088.15
      2.89934      373.050      1064.54
      2.97776      386.714      1040.22
      3.05827      399.893      1015.21
      3.14103      412.442      989.466
      3.22595      424.211      963.037
      3.31320      435.008      935.877
      3.40278      444.685      907.990
      3.49487      453.049      879.319
      3.58938      461.241      852.333
      3.68640      473.379      834.334
      3.78615      484.474      815.829
      3.88852      494.340      796.838
      3.99375      502.833      777.317
      4.10171      509.796      757.289
      4.21265      515.087      736.707
      4.32660      518.559      715.569
      4.44369      520.060      693.847
      4.56393      519.522      671.541
      4.68731      521.379      654.372
      4.81399      524.270      640.242
      4.94436      525.439      625.703
      5.07803      524.901      610.794
      5.21540      522.606      595.474
      5.35646      518.553      579.741
      5.50122      512.750      563.596
      5.65015      505.219      546.985
      5.80302      496.029      529.936
      5.95981      485.678      512.891
      6.12107      480.282      502.162
      6.28651      473.733      491.154
      6.45677      466.173      479.826
      6.63118      457.685      468.222
      6.81079      137.520      455.943
      6.99487      142.651      443.855
      7.18417      147.499      431.352
      7.37829      151.842      418.486
      7.57809      155.860      405.220
      7.78266      160.484      394.062
      7.99342      166.090      385.594
      8.20939      171.465      376.912
      8.43161      176.375      367.978
      8.65954      180.855      358.813
      8.89375      184.927      349.396
      9.13425      188.496      339.725
      9.38172      191.526      329.775
      9.63547      193.939      319.571
      9.89622      195.645      309.086
      10.1631      199.221      302.286
      10.4387      202.523      295.663
      10.7203      205.268      288.894
      11.0107      207.399      281.914
      11.3080      208.876      274.769
      11.6142      209.625      267.410
      11.9282      209.639      259.863
      12.2512      208.294      252.100
      12.5825      205.389      244.139
      12.9228      204.329      237.042
      13.2723      204.453      232.001
      13.6313      203.791      226.822
      14.0000      202.414      221.503
      14.3787      200.421      216.041
      14.7677      197.824      210.429
      15.1669      194.649      204.669
      15.5773      190.921      198.750
      15.9986      186.687      192.672
      16.4312      181.944      186.432
      16.8756      177.835      181.151
      17.3322      174.642      177.058
      17.8010      171.497      173.222
      18.2825      168.081      169.282
      18.7768      164.415      165.238
      19.2847      160.527      161.082
      19.8064      156.451      156.814
      20.3420      152.200      152.431
      20.8922      147.787      147.929
      21.4574      143.220      143.305
      22.0375      138.623      138.672
      22.6338      135.578      135.606
      23.2458      132.466      132.481
      23.8748      129.239      129.247
      24.5204      125.924      125.928
      25.1833      122.518      122.520
      25.8648      119.016      119.017
      26.5642      115.421      115.421
      27.2827      112.181      112.181
      28.0209      109.570      109.570
      28.7787      106.889      106.890
      29.5568      104.137      104.137
      30.3565      101.309      101.309
      31.1772      98.4060      98.4060
      32.0204      95.4434      95.4434
      32.8868      93.2053      93.2053
      33.7765      90.9070      90.9070
      34.6895      88.5486      88.5486
      35.6277      86.1254      86.1254
      36.5920      83.6345      83.6345
      37.5815      81.4368      81.4368
      38.5983      79.4365      79.4365
      39.6425      77.3824      77.3824
      40.7140      75.2747      75.2747
      41.8154      73.1082      73.1082
      42.9467      71.2766      71.2766
      44.1080      69.4754      69.4754
      45.3007      67.6255      67.6255
      46.5266      65.7244      65.7244
      47.7837      64.3178      64.3178
      49.0776      63.2077      63.2077
      50.4046      61.8630      61.8630
      51.7685      59.9978      59.9978
      53.1672      58.1169      58.1169
      54.6051      56.4246      56.4246
      56.0823      54.6861      54.6861
      57.5989      52.9014      52.9014
      59.1573      51.8074      51.8074
      60.7577      50.9474      50.9474
      62.4000      50.0649      50.0649
      64.0904      48.0870      48.0870
      65.8224      45.4575      45.4575
      67.6028      42.7550      42.7550
      69.4315      40.1804      40.1804
      71.3086      37.5955      37.5955
      73.2380      35.1607      35.1607
      75.2199      34.2779      34.2779
      77.2543      33.3718      33.3718
      79.3408      32.8709      32.8709
      81.4895      32.6001      32.6001
      83.6900      32.2860      32.2860
      85.9590      31.8825      31.8825
      88.2789      31.4699      31.4699
      90.6677      30.8484      30.8484
      93.1195      29.6878      29.6878
      95.6411      28.6299      28.6299
      98.2252      27.9497      27.9497
      100.887      27.2492      27.2492
      103.611      26.5316      26.5316
      106.412      25.7952      25.7952
      109.292      25.0497      25.0497
      112.251      24.2826      24.2826
      115.289      23.4948      23.4948
      118.405      23.1620      23.1620
      121.611      22.9641      22.9641
      124.894      22.7613      22.7613
      128.272      22.4027      22.4165
      131.741      21.9671      21.9754
      135.304      21.5171      21.5225
      138.964      20.9677      20.9715
      142.722      20.3823      20.3849
      146.583      19.7526      19.7543
      150.548      18.9444      18.9456
      154.620      18.1140      18.1147
      158.802      17.5608      17.5613
      163.097      17.1439      17.1443
      167.509      16.6191      16.6193
      172.040      15.8893      15.8894
      176.691      15.2635      15.2636
      181.471      14.8426      14.8426
      186.379      14.3939      14.3939
      191.421      13.8895      13.8895
      196.597      13.4085      13.4085
      201.915      12.9987      12.9987
      207.377      12.6824      12.6824
      212.985      12.4967      12.4967
      218.746      12.1863      12.1863
      224.661      11.8016      11.8016
      230.741      11.4635      11.4635
      236.982      11.1120      11.1120
      243.389      10.7338      10.7338
      249.975      10.3500      10.3500
      256.736      10.0028      10.0028
      263.676      9.78046      9.78046
      270.807      9.54562      9.54562
      278.134      9.25247      9.25247
      285.658      8.95150      8.95150
      293.385      8.70661      8.70661
      301.315      8.53977      8.53977
      309.469      8.36824      8.36824
      317.839      8.17263      8.17263
      326.434      7.97043      7.97043
      335.262      7.73658      7.73658
      344.332      7.47821      7.47821
      353.644      7.25683      7.25683
      363.208      7.09914      7.09914
      373.033      6.93715      6.93715
      383.120      6.77087      6.77087
      393.481      6.59490      6.59490
      404.127      6.40353      6.40353
      415.060      6.19693      6.19693
      426.292      5.97266      5.97266
      437.809      5.76607      5.76607
      449.655      5.56500      5.56500
      461.816      5.41159      5.41159
      474.308      5.25559      5.25559
      487.131      5.09550      5.09550
      500.323      4.92459      4.92459
      513.844      4.74765      4.74765
      527.734      4.52054      4.52054
      542.016      4.26690      4.26690
      556.668      4.02183      4.02183
      571.738      3.79107      3.79107
      587.202      3.58202      3.58202
      603.084      3.45561      3.45561
      619.385      3.26474      3.26474
      636.135      3.03557      3.03557
      653.368      2.81280      2.81280
      671.015      2.60509      2.60509
      689.182      2.40782      2.40782
      707.793      2.22947      2.22947
      726.969      2.06778      2.06778
      746.627      1.94044      1.94044
      766.809      1.81890      1.81890
      787.561      1.72412      1.72412
      808.834      1.61870      1.61870
      830.731      1.51353      1.51353
      853.200      1.43164      1.43164
      876.299      1.35443      1.35443
      899.964      1.29737      1.29737
      924.322      1.25184      1.25184
      949.307      1.19307      1.19307
      974.990      1.13271      1.13271
      1001.37      1.07083      1.07083
      1028.46      1.01384      1.01384
      1056.23      1.02190      1.02190
      1084.79      1.03014      1.03014
      1114.14      1.03857      1.03857
      1144.27      1.04692      1.04692
      1175.29      1.04526      1.04526
      1207.11      1.09430      1.09430
      1239.70      1.11107      1.11107
