;  Filter transmissions for ESP study
;
;	Index    Filter
;   ------   -----------------------------------------
;	1        Al foil filter before grating:  Al/Al2O3  1500/200 Angstrom
;	2        Thicker Al foil filter before grating:  Al/Al2O3  3000/200 Angstrom
;	3        Ti/C foil for zeroth order diode:  Ti/C  2500/100 Angstrom
;	4        Al/C diode filter for 17-34 nm range:  Al/C  1500/100 Angstrom
;	5        Al/Mg diode filter for 25-50 nm range:  Al/Mg/C  1000/2000/200 Angstrom
;	6        Al/Sn diode filter for 52-80 nm range:  Al/Sn/C  500/1000/200 Angstrom
;
FORMAT = (F7.2,6E12.3)
 301 lines : Filter Transmissions for ESP Study 
 7 columns : Wavelength, T_Al, T_Al2, T_TiC, T_AlC, T_AlMgC, T_AlSnC
   0.41   1.000E+00   9.999E-01   9.995E-01   1.000E+00   1.000E+00   9.971E-01
   0.42   1.000E+00   9.999E-01   9.994E-01   1.000E+00   9.999E-01   9.971E-01
   0.44   1.000E+00   9.999E-01   9.994E-01   1.000E+00   9.999E-01   9.994E-01
   0.45   1.000E+00   9.999E-01   9.993E-01   1.000E+00   9.999E-01   9.994E-01
   0.46   9.999E-01   9.999E-01   9.993E-01   1.000E+00   9.999E-01   9.994E-01
   0.47   9.999E-01   9.999E-01   9.992E-01   9.999E-01   9.999E-01   9.993E-01
   0.48   9.999E-01   9.999E-01   9.992E-01   9.999E-01   9.999E-01   9.992E-01
   0.50   9.999E-01   9.999E-01   9.991E-01   9.999E-01   9.999E-01   9.992E-01
   0.51   9.999E-01   9.999E-01   9.990E-01   9.999E-01   9.999E-01   9.991E-01
   0.53   9.999E-01   9.998E-01   9.990E-01   9.999E-01   9.999E-01   9.991E-01
   0.54   9.999E-01   9.998E-01   9.989E-01   9.999E-01   9.999E-01   9.990E-01
   0.55   9.999E-01   9.998E-01   9.988E-01   9.999E-01   9.999E-01   9.989E-01
   0.57   9.999E-01   9.998E-01   9.987E-01   9.999E-01   9.999E-01   9.988E-01
   0.58   9.999E-01   9.998E-01   9.986E-01   9.999E-01   9.999E-01   9.987E-01
   0.60   9.999E-01   9.998E-01   9.984E-01   9.999E-01   9.998E-01   9.986E-01
   0.62   9.999E-01   9.997E-01   9.983E-01   9.999E-01   9.998E-01   9.985E-01
   0.63   9.999E-01   9.997E-01   9.982E-01   9.999E-01   9.998E-01   9.984E-01
   0.65   9.998E-01   9.997E-01   9.980E-01   9.999E-01   9.998E-01   9.983E-01
   0.67   9.998E-01   9.997E-01   9.979E-01   9.998E-01   9.998E-01   9.982E-01
   0.69   9.998E-01   9.996E-01   9.977E-01   9.998E-01   9.998E-01   9.980E-01
   0.70   9.998E-01   9.996E-01   9.975E-01   9.998E-01   9.998E-01   9.979E-01
   0.72   9.998E-01   9.996E-01   9.973E-01   9.998E-01   9.997E-01   9.977E-01
   0.74   9.998E-01   9.995E-01   9.971E-01   9.998E-01   9.997E-01   9.975E-01
   0.76   9.997E-01   9.995E-01   9.969E-01   9.998E-01   9.997E-01   9.973E-01
   0.78   9.997E-01   9.995E-01   9.966E-01   9.997E-01   9.997E-01   9.971E-01
   0.81   9.997E-01   9.994E-01   9.963E-01   9.997E-01   9.996E-01   9.969E-01
   0.83   9.997E-01   9.994E-01   9.961E-01   9.997E-01   9.996E-01   9.967E-01
   0.85   9.996E-01   9.993E-01   9.957E-01   9.997E-01   9.996E-01   9.964E-01
   0.87   9.996E-01   9.993E-01   9.954E-01   9.996E-01   9.995E-01   9.962E-01
   0.90   9.996E-01   9.992E-01   9.950E-01   9.996E-01   9.995E-01   9.959E-01
   0.92   9.995E-01   9.991E-01   9.946E-01   9.996E-01   9.994E-01   9.955E-01
   0.95   9.995E-01   9.991E-01   9.942E-01   9.995E-01   9.994E-01   9.952E-01
   0.97   9.995E-01   9.990E-01   9.938E-01   9.995E-01   9.993E-01   9.948E-01
   1.00   9.994E-01   9.989E-01   9.933E-01   9.995E-01   9.993E-01   9.944E-01
   1.02   9.994E-01   9.988E-01   9.927E-01   9.994E-01   9.992E-01   9.940E-01
   1.05   9.993E-01   9.987E-01   9.922E-01   9.994E-01   9.992E-01   9.935E-01
   1.08   9.993E-01   9.986E-01   9.916E-01   9.993E-01   9.991E-01   9.931E-01
   1.11   9.992E-01   9.985E-01   9.909E-01   9.993E-01   9.990E-01   9.925E-01
   1.14   9.991E-01   9.984E-01   9.902E-01   9.992E-01   9.989E-01   9.920E-01
   1.17   9.991E-01   9.982E-01   9.894E-01   9.991E-01   9.988E-01   9.913E-01
   1.20   9.990E-01   9.981E-01   9.886E-01   9.991E-01   9.988E-01   9.907E-01
   1.23   9.989E-01   9.979E-01   9.876E-01   9.990E-01   9.986E-01   9.900E-01
   1.27   9.988E-01   9.978E-01   9.865E-01   9.989E-01   9.985E-01   9.892E-01
   1.30   9.987E-01   9.976E-01   9.855E-01   9.988E-01   9.984E-01   9.884E-01
   1.34   9.986E-01   9.974E-01   9.844E-01   9.987E-01   9.983E-01   9.875E-01
   1.37   9.985E-01   9.972E-01   9.832E-01   9.986E-01   9.981E-01   9.866E-01
   1.41   9.984E-01   9.970E-01   9.820E-01   9.985E-01   9.980E-01   9.856E-01
   1.45   9.983E-01   9.967E-01   9.806E-01   9.984E-01   9.978E-01   9.845E-01
   1.49   9.981E-01   9.964E-01   9.791E-01   9.983E-01   9.976E-01   9.834E-01
   1.53   9.980E-01   9.961E-01   9.776E-01   9.981E-01   9.974E-01   9.821E-01
   1.57   9.978E-01   9.958E-01   9.759E-01   9.980E-01   9.972E-01   9.808E-01
   1.61   9.977E-01   9.955E-01   9.741E-01   9.978E-01   9.970E-01   9.794E-01
   1.66   9.975E-01   9.951E-01   9.722E-01   9.976E-01   9.968E-01   9.779E-01
   1.70   9.973E-01   9.947E-01   9.702E-01   9.974E-01   9.965E-01   9.763E-01
   1.75   9.970E-01   9.943E-01   9.680E-01   9.972E-01   9.962E-01   9.746E-01
   1.79   9.968E-01   9.938E-01   9.657E-01   9.970E-01   9.959E-01   9.728E-01
   1.84   9.965E-01   9.934E-01   9.633E-01   9.968E-01   9.956E-01   9.708E-01
   1.89   9.963E-01   9.928E-01   9.606E-01   9.965E-01   9.952E-01   9.687E-01
   1.94   9.960E-01   9.922E-01   9.578E-01   9.962E-01   9.948E-01   9.665E-01
   2.00   9.956E-01   9.916E-01   9.549E-01   9.959E-01   9.944E-01   9.641E-01
   2.05   9.953E-01   9.909E-01   9.517E-01   9.956E-01   9.939E-01   9.616E-01
   2.10   9.949E-01   9.902E-01   9.484E-01   9.953E-01   9.935E-01   9.590E-01
   2.16   9.945E-01   9.894E-01   9.449E-01   9.949E-01   9.929E-01   9.561E-01
   2.22   9.940E-01   9.886E-01   9.411E-01   9.945E-01   9.924E-01   9.531E-01
   2.28   9.936E-01   9.877E-01   9.372E-01   9.940E-01   9.917E-01   9.499E-01
   2.34   9.931E-01   9.867E-01   9.330E-01   9.936E-01   9.911E-01   9.466E-01
   2.41   9.925E-01   9.857E-01   9.286E-01   9.930E-01   9.904E-01   9.430E-01
   2.47   9.919E-01   9.845E-01   9.239E-01   9.925E-01   9.896E-01   9.392E-01
   2.54   9.913E-01   9.833E-01   9.901E-01   9.919E-01   9.888E-01   9.353E-01
   2.61   9.906E-01   9.820E-01   9.894E-01   9.913E-01   9.879E-01   9.311E-01
   2.68   9.899E-01   9.806E-01   9.886E-01   9.906E-01   9.869E-01   9.267E-01
   2.75   9.891E-01   9.791E-01   9.877E-01   9.898E-01   9.859E-01   9.221E-01
   2.82   9.882E-01   9.775E-01   9.868E-01   9.890E-01   9.848E-01   9.256E-01
   2.90   9.873E-01   9.757E-01   9.858E-01   9.882E-01   9.836E-01   9.205E-01
   2.98   9.863E-01   9.738E-01   9.847E-01   9.872E-01   9.823E-01   9.152E-01
   3.06   9.852E-01   9.718E-01   9.836E-01   9.863E-01   9.809E-01   9.320E-01
   3.14   9.841E-01   9.696E-01   9.824E-01   9.852E-01   9.794E-01   9.273E-01
   3.23   9.828E-01   9.673E-01   9.811E-01   9.840E-01   9.779E-01   9.717E-01
   3.31   9.815E-01   9.648E-01   9.796E-01   9.828E-01   9.761E-01   9.695E-01
   3.40   9.801E-01   9.622E-01   9.781E-01   9.815E-01   9.743E-01   9.672E-01
   3.49   9.786E-01   9.593E-01   9.765E-01   9.801E-01   9.723E-01   9.648E-01
   3.59   9.769E-01   9.562E-01   9.747E-01   9.786E-01   9.702E-01   9.622E-01
   3.69   9.752E-01   9.529E-01   9.729E-01   9.769E-01   9.679E-01   9.594E-01
   3.79   9.733E-01   9.494E-01   9.709E-01   9.752E-01   9.655E-01   9.565E-01
   3.89   9.713E-01   9.457E-01   9.687E-01   9.733E-01   9.629E-01   9.533E-01
   3.99   9.692E-01   9.416E-01   9.664E-01   9.713E-01   9.601E-01   9.500E-01
   4.10   9.669E-01   9.374E-01   9.639E-01   9.692E-01   9.571E-01   9.465E-01
   4.21   9.644E-01   9.328E-01   9.613E-01   9.669E-01   9.539E-01   9.427E-01
   4.33   9.618E-01   9.279E-01   9.585E-01   9.644E-01   9.505E-01   9.388E-01
   4.44   9.589E-01   9.227E-01   9.554E-01   9.618E-01   9.468E-01   9.345E-01
   4.56   9.559E-01   9.172E-01   9.522E-01   9.590E-01   9.429E-01   9.301E-01
   4.69   9.527E-01   9.113E-01   9.487E-01   9.560E-01   9.387E-01   9.254E-01
   4.81   9.493E-01   9.050E-01   9.450E-01   9.528E-01   9.343E-01   9.204E-01
   4.94   9.457E-01   8.984E-01   9.410E-01   9.494E-01   9.296E-01   9.151E-01
   5.08   9.418E-01   8.914E-01   9.367E-01   9.458E-01   9.245E-01   9.095E-01
   5.22   9.377E-01   8.839E-01   9.322E-01   9.420E-01   9.191E-01   9.036E-01
   5.36   9.333E-01   8.760E-01   9.273E-01   9.379E-01   9.135E-01   8.974E-01
   5.50   9.287E-01   8.677E-01   9.222E-01   9.335E-01   9.074E-01   8.908E-01
   5.65   9.237E-01   8.589E-01   9.166E-01   9.289E-01   9.010E-01   8.839E-01
   5.80   9.185E-01   8.496E-01   9.107E-01   9.241E-01   8.942E-01   8.766E-01
   5.96   9.130E-01   8.398E-01   9.045E-01   9.189E-01   8.870E-01   8.690E-01
   6.12   9.072E-01   8.296E-01   8.978E-01   9.135E-01   8.795E-01   8.609E-01
   6.29   9.012E-01   8.191E-01   8.907E-01   9.078E-01   8.716E-01   8.526E-01
   6.46   8.947E-01   8.080E-01   8.832E-01   9.018E-01   8.632E-01   8.438E-01
   6.63   8.879E-01   7.962E-01   8.751E-01   8.954E-01   8.544E-01   8.345E-01
   6.81   8.807E-01   7.839E-01   8.666E-01   8.887E-01   8.450E-01   8.247E-01
   6.99   8.731E-01   7.709E-01   8.575E-01   8.815E-01   8.351E-01   8.143E-01
   7.18   8.651E-01   7.574E-01   8.479E-01   8.740E-01   8.247E-01   8.036E-01
   7.38   8.569E-01   7.439E-01   8.378E-01   8.663E-01   8.142E-01   7.926E-01
   7.58   8.483E-01   7.296E-01   8.271E-01   8.583E-01   8.031E-01   7.810E-01
   7.78   8.393E-01   7.148E-01   8.158E-01   8.497E-01   7.914E-01   7.689E-01
   7.99   9.811E-01   9.671E-01   8.038E-01   9.832E-01   8.649E-01   7.968E-01
   8.21   9.796E-01   9.645E-01   7.912E-01   9.819E-01   8.563E-01   7.854E-01
   8.43   9.781E-01   9.617E-01   7.780E-01   9.805E-01   8.472E-01   7.735E-01
   8.66   9.764E-01   9.589E-01   7.644E-01   9.790E-01   8.375E-01   7.610E-01
   8.89   9.747E-01   9.559E-01   7.501E-01   9.774E-01   8.274E-01   7.480E-01
   9.13   9.728E-01   9.527E-01   7.350E-01   9.758E-01   8.167E-01   7.343E-01
   9.38   9.708E-01   9.493E-01   7.192E-01   9.740E-01   8.054E-01   7.200E-01
   9.64   9.687E-01   9.456E-01   7.028E-01   9.720E-01   9.665E-01   7.051E-01
   9.90   9.664E-01   9.416E-01   6.856E-01   9.699E-01   9.640E-01   6.897E-01
  10.16   9.639E-01   9.373E-01   6.679E-01   9.677E-01   9.613E-01   6.736E-01
  10.44   9.612E-01   9.327E-01   6.496E-01   9.652E-01   9.585E-01   6.568E-01
  10.72   9.583E-01   9.278E-01   6.306E-01   9.626E-01   9.554E-01   6.395E-01
  11.01   9.552E-01   9.225E-01   6.108E-01   9.598E-01   9.520E-01   6.215E-01
  11.31   9.519E-01   9.168E-01   5.904E-01   9.568E-01   9.485E-01   6.030E-01
  11.61   9.483E-01   9.108E-01   5.694E-01   9.535E-01   9.446E-01   5.839E-01
  11.93   9.445E-01   9.044E-01   5.477E-01   9.501E-01   9.405E-01   5.642E-01
  12.25   9.405E-01   8.977E-01   5.258E-01   9.465E-01   9.362E-01   5.445E-01
  12.58   9.362E-01   8.904E-01   5.034E-01   9.425E-01   9.318E-01   5.177E-01
  12.92   9.316E-01   8.826E-01   4.804E-01   9.383E-01   9.272E-01   4.939E-01
  13.27   9.266E-01   8.743E-01   4.571E-01   9.338E-01   9.217E-01   4.793E-01
  13.63   9.213E-01   8.655E-01   4.338E-01   9.289E-01   9.159E-01   4.646E-01
  14.00   9.157E-01   8.562E-01   4.105E-01   9.237E-01   9.097E-01   4.487E-01
  14.38   9.098E-01   8.463E-01   3.870E-01   9.182E-01   9.031E-01   4.312E-01
  14.77   9.034E-01   8.357E-01   3.635E-01   9.123E-01   8.961E-01   4.134E-01
  15.17   8.965E-01   8.245E-01   3.401E-01   9.060E-01   8.886E-01   3.969E-01
  15.58   8.892E-01   8.127E-01   3.168E-01   8.993E-01   8.807E-01   3.813E-01
  16.00   8.814E-01   8.001E-01   2.938E-01   8.921E-01   8.722E-01   3.660E-01
  16.43   8.733E-01   7.870E-01   2.714E-01   8.845E-01   8.632E-01   3.563E-01
  16.88   8.646E-01   7.732E-01   2.495E-01   8.765E-01   8.537E-01   3.600E-01
  17.33   8.554E-01   7.587E-01   2.281E-01   8.679E-01   8.435E-01   3.795E-01
  17.80   8.461E-01   7.440E-01   2.085E-01   8.592E-01   8.331E-01   3.781E-01
  18.28   8.365E-01   7.290E-01   1.905E-01   8.503E-01   8.222E-01   3.607E-01
  18.78   8.253E-01   7.117E-01   1.716E-01   8.399E-01   8.100E-01   3.470E-01
  19.28   8.131E-01   6.931E-01   1.531E-01   8.287E-01   7.971E-01   3.330E-01
  19.81   8.007E-01   6.744E-01   1.362E-01   8.171E-01   7.836E-01   3.176E-01
  20.34   7.879E-01   6.553E-01   1.207E-01   8.052E-01   7.696E-01   3.022E-01
  20.89   7.744E-01   6.354E-01   1.062E-01   7.925E-01   7.548E-01   2.919E-01
  21.46   7.603E-01   6.148E-01   9.266E-02   7.792E-01   7.393E-01   2.838E-01
  22.04   7.455E-01   5.936E-01   1.126E-01   7.653E-01   7.231E-01   2.804E-01
  22.63   7.302E-01   5.720E-01   9.886E-02   7.509E-01   7.063E-01   2.867E-01
  23.25   7.539E-01   5.806E-01   8.617E-02   7.360E-01   6.889E-01   3.086E-01
  23.87   7.390E-01   5.588E-01   7.448E-02   7.203E-01   6.707E-01   3.829E-01
  24.52   7.234E-01   5.363E-01   6.384E-02   7.038E-01   6.517E-01   5.024E-01
  25.18   7.074E-01   5.137E-01   5.421E-02   6.869E-01   6.321E-01   6.003E-01
  25.86   6.908E-01   4.908E-01   4.559E-02   6.695E-01   6.120E-01   6.302E-01
  26.56   6.736E-01   4.675E-01   3.795E-02   6.514E-01   5.912E-01   6.300E-01
  27.28   6.557E-01   4.439E-01   6.656E-01   6.326E-01   5.698E-01   6.253E-01
  28.02   6.370E-01   4.199E-01   6.510E-01   6.131E-01   5.478E-01   6.152E-01
  28.78   6.184E-01   3.966E-01   6.361E-01   5.936E-01   5.256E-01   6.022E-01
  29.56   6.001E-01   3.744E-01   6.206E-01   5.743E-01   5.034E-01   5.885E-01
  30.36   5.813E-01   3.521E-01   6.047E-01   5.545E-01   4.809E-01   5.741E-01
  31.18   5.619E-01   3.299E-01   5.885E-01   5.342E-01   4.580E-01   5.579E-01
  32.02   5.420E-01   3.078E-01   5.721E-01   5.134E-01   4.348E-01   5.411E-01
  32.89   5.216E-01   2.859E-01   5.524E-01   4.922E-01   4.115E-01   5.241E-01
  33.78   5.008E-01   2.644E-01   5.317E-01   4.710E-01   3.882E-01   5.076E-01
  34.69   4.791E-01   2.428E-01   5.106E-01   4.489E-01   3.646E-01   4.912E-01
  35.63   4.553E-01   2.201E-01   4.918E-01   4.251E-01   3.403E-01   4.740E-01
  36.59   4.310E-01   1.981E-01   4.742E-01   4.009E-01   3.163E-01   4.564E-01
  37.58   4.065E-01   1.770E-01   4.563E-01   3.767E-01   2.925E-01   4.392E-01
  38.60   3.818E-01   1.569E-01   4.383E-01   3.524E-01   2.692E-01   4.233E-01
  39.64   3.571E-01   1.379E-01   4.201E-01   3.281E-01   2.464E-01   4.073E-01
  40.71   3.324E-01   1.202E-01   4.019E-01   3.041E-01   2.244E-01   3.911E-01
  41.82   3.079E-01   1.037E-01   3.838E-01   2.803E-01   2.031E-01   3.757E-01
  42.95   2.836E-01   8.856E-02   3.656E-01   2.570E-01   1.827E-01   3.623E-01
  44.11   2.598E-01   7.482E-02   3.837E-01   2.858E-01   1.804E-01   3.851E-01
  45.30   2.366E-01   6.247E-02   3.660E-01   2.620E-01   1.611E-01   3.723E-01
  46.53   2.151E-01   5.201E-02   3.483E-01   2.397E-01   1.433E-01   3.610E-01
  47.78   1.978E-01   4.427E-02   3.308E-01   2.217E-01   1.281E-01   3.513E-01
  49.08   1.814E-01   3.750E-02   3.145E-01   2.046E-01   1.139E-01   3.417E-01
  50.40   1.656E-01   3.148E-02   2.990E-01   1.879E-01   1.008E-01   3.318E-01
  51.77   1.505E-01   2.619E-02   2.836E-01   1.719E-01   8.860E-02   3.231E-01
  53.17   1.360E-01   2.157E-02   2.670E-01   1.565E-01   7.742E-02   3.170E-01
  54.61   1.222E-01   1.758E-02   2.493E-01   1.418E-01   6.722E-02   3.103E-01
  56.08   1.083E-01   1.393E-02   2.320E-01   1.267E-01   5.766E-02   3.024E-01
  57.60   9.418E-02   1.066E-02   2.161E-01   1.113E-01   4.876E-02   2.929E-01
  59.16   8.121E-02   8.019E-03   2.019E-01   9.704E-02   4.088E-02   2.835E-01
  60.76   6.938E-02   5.928E-03   1.880E-01   8.386E-02   3.398E-02   2.753E-01
  62.40   5.875E-02   4.309E-03   1.751E-01   7.187E-02   2.799E-02   2.664E-01
  64.09   4.930E-02   3.077E-03   1.651E-01   6.108E-02   2.287E-02   2.569E-01
  65.82   4.093E-02   2.154E-03   1.559E-01   5.141E-02   1.850E-02   2.468E-01
  67.60   3.359E-02   1.474E-03   1.469E-01   4.280E-02   1.482E-02   2.384E-01
  69.43   2.769E-02   1.017E-03   1.372E-01   3.579E-02   1.187E-02   2.306E-01
  71.31   2.435E-02   7.958E-04   1.275E-01   3.177E-02   9.865E-03   2.248E-01
  73.24   2.161E-02   6.337E-04   1.182E-01   2.845E-02   8.222E-03   2.190E-01
  75.22   1.911E-02   5.009E-04   1.092E-01   2.539E-02   6.820E-03   2.109E-01
  77.25   1.683E-02   3.930E-04   1.010E-01   2.258E-02   5.628E-03   1.986E-01
  79.34   1.476E-02   3.061E-04   9.466E-02   2.000E-02   4.622E-03   1.815E-01
  81.49   1.289E-02   2.363E-04   8.874E-02   1.765E-02   3.776E-03   1.605E-01
  83.69   1.143E-02   1.878E-04   8.305E-02   1.579E-02   3.108E-03   1.337E-01
  85.96   1.021E-02   1.516E-04   7.757E-02   1.423E-02   2.565E-03   1.077E-01
  88.28   9.097E-03   1.219E-04   7.235E-02   1.280E-02   2.111E-03   8.824E-02
  90.67   8.081E-03   9.735E-05   6.759E-02   1.147E-02   1.731E-03   7.159E-02
  93.12   7.157E-03   7.734E-05   6.315E-02   1.026E-02   1.415E-03   5.627E-02
  95.64   6.316E-03   6.104E-05   5.889E-02   9.150E-03   1.153E-03   4.261E-02
  98.23   5.561E-03   4.798E-05   5.484E-02   8.143E-03   9.383E-04   3.091E-02
 100.89   5.355E-03   4.487E-05   4.999E-02   7.880E-03   8.072E-04   2.192E-02
 103.61   5.626E-03   4.968E-05   4.450E-02   8.274E-03   7.338E-04   1.514E-02
 106.41   5.904E-03   5.488E-05   3.943E-02   8.678E-03   6.667E-04   1.055E-02
 109.29   6.189E-03   6.053E-05   3.478E-02   9.095E-03   6.064E-04   7.119E-03
 112.25   6.480E-03   6.665E-05   3.066E-02   9.523E-03   5.521E-04   4.540E-03
 115.29   6.778E-03   7.327E-05   2.767E-02   9.964E-03   5.042E-04   2.715E-03
 118.40   7.084E-03   8.047E-05   2.497E-02   1.042E-02   4.614E-04   1.509E-03
 121.61   7.505E-03   9.077E-05   2.246E-02   1.104E-02   4.277E-04   8.743E-04
 124.89   8.021E-03   1.042E-04   2.015E-02   1.179E-02   4.010E-04   6.660E-04
 128.27   8.571E-03   1.194E-04   1.812E-02   1.258E-02   3.775E-04   4.991E-04
 131.74   9.146E-03   1.365E-04   1.689E-02   1.339E-02   3.573E-04   3.679E-04
 135.30   9.745E-03   1.556E-04   1.586E-02   1.424E-02   3.406E-04   2.663E-04
 138.96   1.037E-02   1.770E-04   1.488E-02   1.512E-02   3.273E-04   1.943E-04
 142.72   1.121E-02   2.078E-04   1.394E-02   1.631E-02   3.207E-04   1.524E-04
 146.58   1.381E-02   3.141E-04   1.300E-02   1.986E-02   3.444E-04   1.243E-04
 150.55   1.744E-02   4.986E-04   1.158E-02   2.476E-02   3.791E-04   1.012E-04
 154.62   2.169E-02   7.687E-04   1.026E-02   3.044E-02   4.734E-04   8.393E-05
 158.80   2.660E-02   1.153E-03   8.960E-03   3.691E-02   6.281E-04   7.568E-05
 163.10   3.217E-02   1.686E-03   7.388E-03   4.419E-02   8.268E-04   6.858E-05
 167.51   3.841E-02   2.404E-03   5.952E-03   5.228E-02   9.829E-04   6.579E-05
 172.04   5.441E-01   4.105E-01   4.368E-03   6.235E-01   5.996E-03   1.394E-04
 176.69   5.315E-01   3.977E-01   2.988E-03   6.115E-01   6.953E-03   1.311E-04
 181.47   5.174E-01   3.831E-01   1.976E-03   5.980E-01   8.006E-03   1.277E-04
 186.38   5.023E-01   3.673E-01   9.892E-04   5.832E-01   9.248E-03   1.243E-04
 191.42   4.874E-01   3.520E-01   3.912E-04   5.685E-01   1.071E-02   1.209E-04
 196.60   4.725E-01   3.371E-01   1.365E-04   5.538E-01   1.232E-02   1.202E-04
 201.92   4.575E-01   3.222E-01   3.715E-05   5.388E-01   1.408E-02   1.205E-04
 207.38   4.423E-01   3.075E-01   7.611E-06   5.249E-01   1.730E-02   1.208E-04
 212.98   4.270E-01   2.928E-01   1.360E-06   5.112E-01   2.298E-02   1.286E-04
 218.75   4.116E-01   2.782E-01   2.206E-07   4.973E-01   2.979E-02   1.655E-04
 224.66   3.962E-01   2.639E-01   2.799E-08   4.833E-01   3.773E-02   2.135E-04
 230.74   3.830E-01   2.528E-01   2.979E-09   4.719E-01   4.695E-02   2.771E-04
 236.98   3.700E-01   2.419E-01   2.480E-10   4.593E-01   5.725E-02   3.857E-04
 243.39   3.568E-01   2.311E-01   1.630E-11   4.462E-01   6.852E-02   5.364E-04
 249.97   3.437E-01   2.204E-01   3.211E-12   4.329E-01   8.067E-02   7.332E-04
 256.74   3.312E-01   2.104E-01   9.644E-13   4.194E-01   4.730E-01   1.034E-03
 263.68   3.206E-01   2.017E-01   3.979E-13   4.060E-01   4.607E-01   1.483E-03
 270.81   3.113E-01   1.948E-01   3.069E-13   3.940E-01   4.494E-01   2.082E-03
 278.13   3.022E-01   1.881E-01   3.664E-13   3.811E-01   4.376E-01   2.860E-03
 285.66   2.931E-01   1.815E-01   7.448E-13   3.668E-01   4.248E-01   3.822E-03
 293.39   2.840E-01   1.749E-01   3.308E-12   3.522E-01   4.118E-01   4.998E-03
 301.31   2.749E-01   1.684E-01   1.898E-11   3.373E-01   3.986E-01   6.424E-03
 309.47   2.658E-01   1.621E-01   1.015E-10   3.223E-01   3.852E-01   8.123E-03
 317.84   2.570E-01   1.560E-01   5.180E-10   3.080E-01   3.723E-01   1.001E-02
 326.43   2.483E-01   1.501E-01   2.340E-09   2.946E-01   3.604E-01   1.166E-02
 335.26   2.396E-01   1.442E-01   8.264E-09   2.811E-01   3.483E-01   1.340E-02
 344.33   2.319E-01   1.389E-01   2.458E-08   2.675E-01   3.361E-01   1.523E-02
 353.64   2.266E-01   1.352E-01   6.285E-08   2.538E-01   3.237E-01   1.639E-02
 363.21   2.216E-01   1.316E-01   1.178E-07   2.397E-01   3.110E-01   1.741E-02
 373.03   2.166E-01   1.281E-01   2.134E-07   2.256E-01   2.984E-01   1.726E-02
 383.12   2.119E-01   1.248E-01   2.130E-07   2.117E-01   2.869E-01   1.537E-02
 393.48   2.071E-01   1.215E-01   2.044E-07   1.979E-01   2.753E-01   1.324E-02
 404.13   2.024E-01   1.183E-01   1.406E-07   1.843E-01   2.637E-01   1.003E-02
 415.06   1.977E-01   1.151E-01   6.566E-08   1.709E-01   2.519E-01   7.475E-03
 426.29   1.930E-01   1.119E-01   2.986E-08   1.582E-01   2.405E-01   5.584E-03
 437.81   1.884E-01   1.088E-01   1.334E-08   1.459E-01   2.291E-01   4.905E-03
 449.66   1.838E-01   1.057E-01   5.744E-09   1.340E-01   2.178E-01   4.698E-03
 461.82   1.792E-01   1.027E-01   3.243E-09   1.224E-01   2.077E-01   4.588E-03
 474.31   1.734E-01   9.835E-02   2.377E-09   1.107E-01   1.970E-01   5.085E-03
 487.13   1.669E-01   9.313E-02   1.738E-09   9.964E-02   1.863E-01   5.791E-03
 500.32   1.604E-01   8.806E-02   1.728E-09   8.933E-02   1.758E-01   7.728E-03
 513.84   1.540E-01   8.316E-02   2.192E-09   7.967E-02   1.654E-01   4.730E-02
 527.73   1.492E-01   7.917E-02   2.762E-09   7.064E-02   1.553E-01   1.094E-01
 542.02   1.446E-01   7.530E-02   3.565E-09   6.255E-02   1.461E-01   1.221E-01
 556.67   1.393E-01   7.081E-02   6.993E-09   5.637E-02   1.385E-01   1.221E-01
 571.74   1.340E-01   6.645E-02   1.545E-08   5.060E-02   1.311E-01   1.192E-01
 587.20   1.297E-01   6.265E-02   3.282E-08   4.523E-02   1.237E-01   1.141E-01
 603.08   1.258E-01   5.914E-02   6.391E-08   4.031E-02   1.166E-01   1.070E-01
 619.39   1.219E-01   5.572E-02   1.100E-07   3.693E-02   1.114E-01   1.004E-01
 636.14   1.219E-01   5.372E-02   1.584E-07   3.417E-02   1.071E-01   9.360E-02
 653.37   1.255E-01   5.321E-02   1.836E-07   3.152E-02   1.028E-01   8.608E-02
 671.01   1.383E-01   5.630E-02   2.033E-07   2.902E-02   9.861E-02   7.878E-02
 689.18   1.531E-01   5.977E-02   2.021E-07   2.665E-02   9.440E-02   7.006E-02
 707.79   1.618E-01   5.940E-02   2.029E-07   2.443E-02   8.999E-02   6.196E-02
 726.97   1.647E-01   5.605E-02   1.870E-07   2.243E-02   8.567E-02   5.336E-02
 746.63   1.602E-01   4.905E-02   1.508E-07   2.000E-02   7.993E-02   4.454E-02
 766.81   1.492E-01   3.988E-02   1.170E-07   1.732E-02   7.316E-02   3.513E-02
 787.56   1.300E-01   2.877E-02   8.575E-08   1.493E-02   6.640E-02   2.652E-02
 808.83   7.606E-02   9.837E-03   6.234E-08   9.149E-03   4.795E-02   1.718E-02
 830.73   1.061E-02   2.152E-04   4.482E-08   1.503E-03   1.439E-02   6.673E-03
 853.20   2.904E-04   2.025E-07   3.131E-08   5.487E-05   1.581E-03   1.476E-03
 876.30   4.894E-05   6.464E-09   2.199E-08   1.139E-05   5.504E-04   5.452E-04
 899.96   1.770E-05   9.034E-10   1.530E-08   4.820E-06   3.080E-04   2.323E-04
 924.32   6.854E-06   1.443E-10   1.051E-08   2.170E-06   1.797E-04   8.331E-05
 949.31   3.058E-06   3.052E-11   7.000E-09   1.177E-06   1.177E-04   3.064E-05
 974.99   1.365E-06   6.459E-12   4.576E-09   6.362E-07   7.702E-05   1.340E-05
1001.37   6.585E-07   1.590E-12   2.938E-09   3.671E-07   5.268E-05   5.721E-06
1028.46   3.430E-07   4.538E-13   1.856E-09   2.259E-07   3.764E-05   2.716E-06
1056.23   1.734E-07   1.223E-13   1.156E-09   1.354E-07   2.643E-05   1.461E-06
1084.79   8.480E-08   3.098E-14   7.085E-10   7.855E-08   1.816E-05   7.646E-07
1114.14   3.980E-08   7.248E-15   4.240E-10   4.351E-08   1.211E-05   4.340E-07
1144.27   1.430E-08   1.012E-15   2.237E-10   1.865E-08   6.816E-06   2.319E-07
1175.29   4.757E-09   1.217E-16   1.130E-10   7.327E-09   3.628E-06   1.182E-07
1207.11   1.480E-09   1.286E-17   5.557E-11   2.686E-09   1.846E-06   5.793E-08
1239.70   4.302E-10   1.190E-18   2.663E-11   9.184E-10   8.973E-07   2.730E-08
