 301 lines:  ESP sensitivity estimate (filter transmission, Si diode, 10% grating)  (2 Sept 06, TW)
 6 columns: wavelength_Angstrom, Sensitivity_elec_per_photon: 0-7 nm, 18 nm, 25.6 nm, 30.4 nm, 36 nm
     0.413233      10.0687  1.00737e-06  1.00737e-06  1.00737e-06  1.00737e-06
     0.424409      10.6265  1.06329e-06  1.06329e-06  1.06318e-06  1.06318e-06
     0.435885      11.1963  1.12030e-06  1.12030e-06  1.12019e-06  1.12019e-06
     0.447674      11.7724  1.17806e-06  1.17806e-06  1.17794e-06  1.17794e-06
     0.459795      12.3518  1.23605e-06  1.23605e-06  1.23592e-06  1.23592e-06
     0.472231      13.1430  1.31522e-06  1.31522e-06  1.31522e-06  1.31522e-06
     0.484997      13.9748  1.39846e-06  1.39846e-06  1.39846e-06  1.39846e-06
     0.498112      14.8407  1.48526e-06  1.48526e-06  1.48526e-06  1.48526e-06
     0.511596      15.7411  1.57552e-06  1.57552e-06  1.57552e-06  1.57552e-06
     0.525430      16.6759  1.66910e-06  1.66910e-06  1.66910e-06  1.66910e-06
     0.539634      17.6396  1.76573e-06  1.76573e-06  1.76573e-06  1.76573e-06
     0.554229      18.6308  1.86513e-06  1.86513e-06  1.86513e-06  1.86513e-06
     0.569218      19.6458  1.96694e-06  1.96694e-06  1.96694e-06  1.96694e-06
     0.584626      20.6792  2.07062e-06  2.07062e-06  2.07062e-06  2.07062e-06
     0.600426      21.7303  2.17629e-06  2.17629e-06  2.17608e-06  2.17608e-06
     0.616674      23.0706  2.31076e-06  2.31076e-06  2.31053e-06  2.31053e-06
     0.633340      24.4641  2.45058e-06  2.45058e-06  2.45033e-06  2.45033e-06
     0.650488      25.9005  2.59498e-06  2.59498e-06  2.59472e-06  2.59472e-06
     0.668086      27.3872  2.74393e-06  2.74393e-06  2.74393e-06  2.74393e-06
     0.686130      28.9113  2.89721e-06  2.89721e-06  2.89721e-06  2.89721e-06
     0.704695      30.4698  3.05401e-06  3.05401e-06  3.05401e-06  3.05401e-06
     0.723743      32.0551  3.21354e-06  3.21354e-06  3.21322e-06  3.21322e-06
     0.743315      33.6582  3.37493e-06  3.37493e-06  3.37459e-06  3.37459e-06
     0.763456      35.2635  3.53661e-06  3.53661e-06  3.53626e-06  3.53626e-06
     0.784074      37.2518  3.73677e-06  3.73677e-06  3.73677e-06  3.73677e-06
     0.805314      39.4944  3.96292e-06  3.96292e-06  3.96252e-06  3.96252e-06
     0.827073      41.8249  4.19761e-06  4.19761e-06  4.19719e-06  4.19719e-06
     0.849459      44.2208  4.43984e-06  4.43984e-06  4.43940e-06  4.43940e-06
     0.872414      46.7045  4.69016e-06  4.69016e-06  4.68969e-06  4.68969e-06
     0.895996      49.2432  4.94709e-06  4.94709e-06  4.94660e-06  4.94660e-06
     0.920273      51.8370  5.20976e-06  5.20976e-06  5.20872e-06  5.20872e-06
     0.945109      54.4775  5.47679e-06  5.47679e-06  5.47624e-06  5.47624e-06
     0.970715      57.1451  5.74729e-06  5.74729e-06  5.74614e-06  5.74614e-06
     0.996944      59.8124  6.01857e-06  6.01857e-06  6.01737e-06  6.01737e-06
      1.02395      63.2202  6.36469e-06  6.36469e-06  6.36341e-06  6.36341e-06
      1.05166      66.8410  6.73261e-06  6.73261e-06  6.73126e-06  6.73126e-06
      1.08007      70.5785  7.11265e-06  7.11265e-06  7.11123e-06  7.11123e-06
      1.10925      74.4035  7.50342e-06  7.50342e-06  7.50117e-06  7.50117e-06
      1.13933      78.3197  7.90316e-06  7.90316e-06  7.90078e-06  7.90078e-06
      1.17008      82.3135  8.31205e-06  8.31205e-06  8.30955e-06  8.30955e-06
      1.20173      86.3502  8.72674e-06  8.72674e-06  8.72412e-06  8.72412e-06
      1.23427      89.9609  9.09993e-06  9.09993e-06  9.09629e-06  9.09629e-06
      1.26763      93.4552  9.46299e-06  9.46299e-06  9.45920e-06  9.45920e-06
      1.30192      97.8915  9.92126e-06  9.92126e-06  9.91729e-06  9.91729e-06
      1.33712      103.283  1.04784e-05  1.04784e-05  1.04742e-05  1.04742e-05
      1.37329      108.820  1.10525e-05  1.10525e-05  1.10469e-05  1.10469e-05
      1.41043      114.487  1.16410e-05  1.16410e-05  1.16352e-05  1.16352e-05
      1.44859      120.242  1.22425e-05  1.22425e-05  1.22351e-05  1.22351e-05
      1.48777      126.048  1.28520e-05  1.28520e-05  1.28430e-05  1.28430e-05
      1.52800      131.916  1.34682e-05  1.34682e-05  1.34588e-05  1.34588e-05
      1.56934      137.751  1.40870e-05  1.40870e-05  1.40758e-05  1.40758e-05
      1.61178      143.541  1.47033e-05  1.47033e-05  1.46915e-05  1.46915e-05
      1.65538      149.202  1.53100e-05  1.53100e-05  1.52977e-05  1.52977e-05
      1.70015      156.723  1.61117e-05  1.61117e-05  1.60971e-05  1.60971e-05
      1.74613      164.576  1.69540e-05  1.69540e-05  1.69370e-05  1.69370e-05
      1.79337      172.553  1.78145e-05  1.78145e-05  1.77949e-05  1.77949e-05
      1.84186      180.584  1.86864e-05  1.86864e-05  1.86639e-05  1.86639e-05
      1.89169      188.623  1.95673e-05  1.95673e-05  1.95417e-05  1.95417e-05
      1.94286      196.598  2.04480e-05  2.04480e-05  2.04192e-05  2.04192e-05
      1.99540      204.446  2.13224e-05  2.13224e-05  2.12903e-05  2.12903e-05
      2.04936      212.095  2.21879e-05  2.21879e-05  2.21500e-05  2.21500e-05
      2.10479      219.460  2.30312e-05  2.30312e-05  2.29896e-05  2.29896e-05
      2.16171      227.667  2.39715e-05  2.39715e-05  2.39233e-05  2.39233e-05
      2.22021      237.741  2.51231e-05  2.51231e-05  2.50700e-05  2.50700e-05
      2.28024      247.820  2.62839e-05  2.62839e-05  2.62231e-05  2.62231e-05
      2.34193      257.743  2.74484e-05  2.74484e-05  2.73793e-05  2.73793e-05
      2.40527      267.432  2.85979e-05  2.85979e-05  2.85230e-05  2.85230e-05
      2.47031      276.812  2.97365e-05  2.97365e-05  2.96496e-05  2.96496e-05
      2.53715      307.903  3.08463e-05  3.08463e-05  3.07499e-05  3.07499e-05
      2.60573      318.545  3.19157e-05  3.19157e-05  3.18062e-05  3.18062e-05
      2.67621      328.656  3.29321e-05  3.29321e-05  3.28091e-05  3.28091e-05
      2.74860      338.056  3.38775e-05  3.38775e-05  3.37440e-05  3.37440e-05
      2.82295      350.010  3.50790e-05  3.50790e-05  3.49300e-05  3.49300e-05
      2.89934      362.937  3.63821e-05  3.63821e-05  3.62127e-05  3.62127e-05
      2.97776      375.418  3.76371e-05  3.76371e-05  3.74503e-05  3.74503e-05
      3.05827      387.333  3.88396e-05  3.88396e-05  3.86270e-05  3.86270e-05
      3.14103      398.540  3.99676e-05  3.99676e-05  3.97323e-05  3.97323e-05
      3.22595      408.814  4.10022e-05  4.10022e-05  4.07481e-05  4.07481e-05
      3.31320      418.007  4.19373e-05  4.19373e-05  4.16514e-05  4.16514e-05
      3.40278      426.023  4.27504e-05  4.27504e-05  4.24368e-05  4.24368e-05
      3.49487      432.643  4.34238e-05  4.34238e-05  4.30783e-05  4.30783e-05
      3.58938      438.868  4.40624e-05  4.40624e-05  4.36841e-05  4.36841e-05
      3.68640      448.778  4.50623e-05  4.50623e-05  4.46471e-05  4.46471e-05
      3.78615      457.432  4.59458e-05  4.59458e-05  4.54888e-05  4.54888e-05
      3.88852      464.703  4.66910e-05  4.66910e-05  4.61921e-05  4.61921e-05
      3.99375      470.513  4.72899e-05  4.72899e-05  4.67446e-05  4.67446e-05
      4.10171      474.630  4.77239e-05  4.77239e-05  4.71281e-05  4.71281e-05
      4.21265      476.988  4.79767e-05  4.79767e-05  4.73316e-05  4.73316e-05
      4.32660      477.474  4.80413e-05  4.80413e-05  4.73489e-05  4.73489e-05
      4.44369      475.826  4.79013e-05  4.79013e-05  4.71543e-05  4.71543e-05
      4.56393      472.214  4.75586e-05  4.75586e-05  4.67602e-05  4.67602e-05
      4.68731      470.531  4.74152e-05  4.74152e-05  4.65571e-05  4.65571e-05
      4.81399      469.562  4.73438e-05  4.73438e-05  4.64245e-05  4.64245e-05
      4.94436      466.785  4.70952e-05  4.70952e-05  4.61130e-05  4.61130e-05
      5.07803      462.204  4.66695e-05  4.66695e-05  4.56184e-05  4.56184e-05
      5.21540      455.919  4.60712e-05  4.60712e-05  4.49512e-05  4.49512e-05
      5.35646      447.830  4.52949e-05  4.52949e-05  4.41166e-05  4.41166e-05
      5.50122      438.146  4.43515e-05  4.43515e-05  4.31115e-05  4.31115e-05
      5.65015      426.712  4.32438e-05  4.32438e-05  4.19449e-05  4.19449e-05
      5.80302      413.838  4.19927e-05  4.19927e-05  4.06340e-05  4.06340e-05
      5.95981      399.962  4.06330e-05  4.06330e-05  3.92224e-05  3.92224e-05
      6.12107      390.021  3.96841e-05  3.96841e-05  3.82071e-05  3.82071e-05
      6.28651      379.060  3.86337e-05  3.86337e-05  3.70932e-05  3.70932e-05
      6.45677      367.123  3.74855e-05  3.74855e-05  3.58810e-05  3.58810e-05
      6.63118      354.338  3.62558e-05  3.62558e-05  3.45957e-05  3.45957e-05
      6.81079      104.873  1.07548e-05  1.07548e-05  1.02259e-05  1.02259e-05
      6.99487      106.708  1.09695e-05  1.09695e-05  1.03921e-05  1.03921e-05
      7.18417      108.093  1.11420e-05  1.11420e-05  1.05135e-05  1.05135e-05
      7.37829      108.900  1.12604e-05  1.12604e-05  1.05832e-05  1.05832e-05
      7.57809      109.238  1.13359e-05  1.13359e-05  1.06068e-05  1.06068e-05
      7.78266      109.756  1.14317e-05  1.14317e-05  1.06473e-05  1.06473e-05
      7.99342      130.816  1.60013e-05  1.60013e-05  1.40760e-05  1.40760e-05
      8.20939      132.717  1.64705e-05  1.64705e-05  1.43636e-05  1.43636e-05
      8.43161      134.020  1.68903e-05  1.68903e-05  1.45940e-05  1.45940e-05
      8.65954      134.773  1.72610e-05  1.72610e-05  1.47662e-05  1.47662e-05
      8.89375      134.978  1.75880e-05  1.75880e-05  1.48888e-05  1.48888e-05
      9.13425      134.534  1.78611e-05  1.78611e-05  1.49489e-05  1.49489e-05
      9.38172      133.465  1.80749e-05  1.80749e-05  1.49462e-05  1.49462e-05
      9.63547      131.760  1.82230e-05  1.82230e-05  1.81199e-05  1.81199e-05
      9.89622      129.338  1.82972e-05  1.82972e-05  1.81859e-05  1.81859e-05
      10.1631      127.949  1.85382e-05  1.85382e-05  1.84156e-05  1.84156e-05
      10.4387      126.130  1.87408e-05  1.87408e-05  1.86107e-05  1.86107e-05
      10.7203      123.702  1.88829e-05  1.88829e-05  1.87417e-05  1.87417e-05
      11.0107      120.646  1.89582e-05  1.89582e-05  1.88041e-05  1.88041e-05
      11.3080      117.017  1.89637e-05  1.89637e-05  1.87992e-05  1.87992e-05
      11.6142      112.804  1.88898e-05  1.88898e-05  1.87135e-05  1.87135e-05
      11.9282      108.050  1.87435e-05  1.87435e-05  1.85541e-05  1.85541e-05
      12.2512      102.602  1.84695e-05  1.84695e-05  1.82685e-05  1.82685e-05
      12.5825      96.3929  1.80473e-05  1.80473e-05  1.78425e-05  1.78425e-05
      12.9228      91.0365  1.77809e-05  1.77809e-05  1.75706e-05  1.75706e-05
      13.2723      86.1799  1.76055e-05  1.76055e-05  1.73774e-05  1.73774e-05
      13.6313      81.0279  1.73506e-05  1.73506e-05  1.71077e-05  1.71077e-05
      14.0000      75.6676  1.70266e-05  1.70266e-05  1.67685e-05  1.67685e-05
      14.3787      70.1516  1.66442e-05  1.66442e-05  1.63705e-05  1.63705e-05
      14.7677      64.5538  1.62015e-05  1.62015e-05  1.59138e-05  1.59138e-05
      15.1669      58.9478  1.57032e-05  1.57032e-05  1.54016e-05  1.54016e-05
      15.5773      53.3929  1.51566e-05  1.51566e-05  1.48431e-05  1.48431e-05
      15.9986      47.9684  1.45652e-05  1.45652e-05  1.42403e-05  1.42403e-05
      16.4312      42.7651  1.39373e-05  1.39373e-05  1.36016e-05  1.36016e-05
      16.8756      38.0209  1.33568e-05  1.33568e-05  1.30094e-05  1.30094e-05
      17.3322      33.7511  1.28420e-05  1.28420e-05  1.24810e-05  1.24810e-05
      17.8010      29.9464  1.23405e-05  1.23405e-05  1.19656e-05  1.19656e-05
      18.2825      26.4936  1.18255e-05  1.18255e-05  1.14347e-05  1.14347e-05
      18.7768      23.0142  1.12644e-05  1.12644e-05  1.08633e-05  1.08633e-05
      19.2847      19.7348  1.06821e-05  1.06821e-05  1.02747e-05  1.02747e-05
      19.8064      16.8350  1.00998e-05  1.00998e-05  9.68568e-06  9.68568e-06
      20.3420      14.2689  9.51892e-06  9.51892e-06  9.09806e-06  9.09806e-06
      20.8922      11.9702  8.93258e-06  8.93258e-06  8.50765e-06  8.50765e-06
      21.4574      9.92681  8.34769e-06  8.34769e-06  7.92024e-06  7.92024e-06
      22.0375      11.4358  7.77252e-06  7.77252e-06  7.34393e-06  7.34393e-06
      22.6338      9.60679  7.29693e-06  7.29693e-06  6.86352e-06  6.86352e-06
      23.2458      8.53530  7.29022e-06  7.29022e-06  6.82369e-06  6.82369e-06
      23.8748      7.05138  6.81942e-06  6.81942e-06  6.34984e-06  6.34984e-06
      24.5204      5.76146  6.35169e-06  6.35169e-06  5.88149e-06  5.88149e-06
      25.1833      4.65194  5.89451e-06  5.89451e-06  5.42426e-06  5.42426e-06
      25.8648      3.70884  5.44652e-06  5.44652e-06  4.97875e-06  4.97875e-06
      26.5642      2.91752  5.00783e-06  5.00783e-06  4.54503e-06  4.54503e-06
      27.2827      48.3770  4.59785e-06  4.59785e-06  4.14140e-06  4.14140e-06
      28.0209      44.8621  4.22503e-06  4.22503e-06  3.77503e-06  3.77503e-06
      28.7787      41.4803  3.87088e-06  3.87088e-06  3.42745e-06  3.42745e-06
      29.5568      38.2273  3.53753e-06  3.53753e-06  3.10081e-06  3.10081e-06
      30.3565      35.0683  3.21570e-06  3.21570e-06  2.78887e-06  2.78887e-06
      31.1772      32.0128  2.90590e-06  2.90590e-06  2.49140e-06  2.49140e-06
      32.0204      29.0842  2.61000e-06  2.61000e-06  2.21042e-06  2.21042e-06
      32.8868      26.3622  2.34892e-06  2.34892e-06  1.96380e-06  1.96380e-06
      33.7765      23.7328  2.10234e-06  2.10234e-06  1.73276e-06  1.73276e-06
      34.6895      21.2103  1.86473e-06  1.86473e-06  1.51455e-06  1.51455e-06
      35.6277      18.8572  1.62997e-06  1.62997e-06  1.30482e-06  1.30482e-06
      36.5920      16.6895  1.41097e-06  1.41097e-06  1.11322e-06  1.11322e-06
      37.5815      14.7255  1.21567e-06  1.21567e-06  9.43942e-07  9.43942e-07
      38.5983      12.9372  1.04017e-06  1.04017e-06  7.94591e-07  7.94591e-07
      39.6425      11.2778  8.80801e-07  8.80801e-07  6.61473e-07  6.61473e-07
      40.7140      9.75086  7.37805e-07  7.37805e-07  5.44437e-07  5.44437e-07
      41.8154      8.36022  6.10571e-07  6.10571e-07  4.42408e-07  4.42408e-07
      42.9467      7.13701  5.01699e-07  5.01699e-07  3.56655e-07  3.56655e-07
      44.1080      6.67463  4.97161e-07  4.97161e-07  3.13814e-07  3.13814e-07
      45.3007      5.63155  4.03133e-07  4.03133e-07  2.47881e-07  2.47881e-07
      46.5266      4.72438  3.25131e-07  3.25131e-07  1.94374e-07  1.94374e-07
      47.7837      4.02800  2.69954e-07  2.69954e-07  1.55982e-07  1.55982e-07
      49.0776      3.44251  2.23955e-07  2.23955e-07  1.24675e-07  1.24675e-07
      50.4046      2.91625  1.83266e-07  1.83266e-07  9.83139e-08  9.83139e-08
      51.7685      2.43099  1.47351e-07  1.47351e-07  7.59471e-08  7.59471e-08
      53.1672      1.99715  1.17061e-07  1.17061e-07  5.79098e-08  5.79098e-08
      54.6051      1.62139  9.22232e-08  9.22232e-08  4.37182e-08  4.37182e-08
      56.0823      1.29151  7.05320e-08  7.05320e-08  3.20984e-08  3.20984e-08
      57.5989      1.00826  5.19293e-08  5.19293e-08  2.27500e-08  2.27500e-08
      59.1573     0.792353  3.80832e-08  3.80832e-08  1.60433e-08  1.60433e-08
      60.7577     0.617278  2.75345e-08  2.75345e-08  1.11570e-08  1.11570e-08
      62.4000     0.476289  1.95493e-08  1.95493e-08  7.61355e-09  7.61355e-09
      64.0904     0.360265  1.33283e-08  1.33283e-08  4.99047e-09  4.99047e-09
      65.8224     0.265643  8.75992e-09  8.75992e-09  3.15227e-09  3.15227e-09
      67.6028     0.192155  5.59853e-09  5.59853e-09  1.93856e-09  1.93856e-09
      69.4315     0.138429  3.61106e-09  3.61106e-09  1.19763e-09  1.19763e-09
      71.3086     0.105468  2.62802e-09  2.62802e-09  8.16034e-10  8.16034e-10
      73.2380    0.0809305  1.94795e-09  1.94795e-09  5.62953e-10  5.62953e-10
      75.2199    0.0644257  1.49796e-09  1.49796e-09  4.02366e-10  4.02366e-10
      77.2543    0.0510809  1.14199e-09  1.14199e-09  2.84637e-10  2.84637e-10
      79.3408    0.0413363  8.73364e-10  8.73364e-10  2.01834e-10  2.01834e-10
      81.4895    0.0335346  6.66989e-10  6.66989e-10  1.42694e-10  1.42694e-10
      83.6900    0.0274425  5.21754e-10  5.21754e-10  1.02699e-10  1.02699e-10
      85.9590    0.0224995  4.12747e-10  4.12747e-10  7.43988e-11  7.43988e-11
      88.2789    0.0183614  3.24846e-10  3.24846e-10  5.35743e-11  5.35743e-11
      90.6677    0.0148987  2.52830e-10  2.52830e-10  3.81559e-11  3.81559e-11
      93.1195    0.0118495  1.92519e-10  1.92519e-10  2.65511e-11  2.65511e-11
      95.6411   0.00942066  1.46373e-10  1.46373e-10  1.84446e-11  1.84446e-11
      98.2252   0.00755658  1.12205e-10  1.12205e-10  1.29291e-11  1.29291e-11
      100.887   0.00649689  1.02411e-10  1.02411e-10  1.04907e-11  1.04907e-11
      103.611   0.00596155  1.10845e-10  1.10845e-10  9.83053e-12  9.83053e-12
      106.412   0.00542903  1.19485e-10  1.19485e-10  9.17964e-12  9.17964e-12
      109.292   0.00490591  1.28290e-10  1.28290e-10  8.55360e-12  8.55360e-12
      112.251   0.00440381  1.36782e-10  1.36782e-10  7.93002e-12  7.93002e-12
      115.289   0.00403343  1.45244e-10  1.45244e-10  7.34967e-12  7.34967e-12
      118.405   0.00375904  1.56865e-10  1.56865e-10  6.94601e-12  6.94601e-12
      121.611   0.00355825  1.74902e-10  1.74902e-10  6.77588e-12  6.77588e-12
      124.894   0.00338665  1.98157e-10  1.98157e-10  6.73969e-12  6.73969e-12
      128.272   0.00332266  2.30679e-10  2.30679e-10  6.92221e-12  6.92221e-12
      131.741   0.00323320  2.56320e-10  2.56320e-10  6.83968e-12  6.83968e-12
      135.304   0.00316124  2.83834e-10  2.83834e-10  6.78888e-12  6.78888e-12
      138.964   0.00306829  3.11778e-10  3.11778e-10  6.74900e-12  6.74900e-12
      142.722   0.00301309  3.52535e-10  3.52535e-10  6.93183e-12  6.93183e-12
      146.583   0.00334599  5.11164e-10  5.11164e-10  8.86430e-12  8.86430e-12
      150.548   0.00360017  7.69778e-10  7.69778e-10  1.17861e-11  1.17861e-11
      154.620   0.00378248  1.12221e-09  1.12221e-09  1.74525e-11  1.74525e-11
      158.802   0.00391565  1.61302e-09  1.61302e-09  2.74489e-11  2.74489e-11
      163.097   0.00380047  2.27318e-09  2.27318e-09  4.25315e-11  4.25315e-11
      167.509   0.00353256  3.10286e-09  3.10286e-09  5.83359e-11  5.83359e-11
      172.040    0.0349944     0.499520  4.99520e-07  4.80372e-09  4.80372e-09
      176.691    0.0223854     0.458121  4.58121e-07  5.20902e-09  5.20902e-09
      181.471    0.0139625     0.422549  4.22548e-07  5.65706e-09  5.65706e-09
      186.379   0.00655537     0.386483  3.86483e-07  6.12860e-09  6.12860e-09
      191.421   0.00241767  3.51341e-07  3.51341e-07  6.61892e-09  6.61892e-09
      196.597  0.000786171  3.18961e-07  3.18961e-07  7.09569e-09  7.09569e-09
      201.915  0.000199961  2.90011e-07  2.90011e-07  7.57861e-09  7.57861e-09
      207.377  3.84645e-05  2.65274e-07  2.65274e-07  8.74309e-09  8.74309e-09
      212.985  6.50691e-06  2.44583e-07  2.44583e-07  1.09948e-08  1.09948e-08
      218.746  9.87148e-07  2.22533e-07  2.22533e-07  1.33305e-08  1.33305e-08
      224.661  1.16144e-07  2.00544e-07  2.00544e-07  1.56560e-08  1.56560e-08
      230.741  1.15433e-08  1.82856e-07  1.82856e-07  1.81926e-08  1.81926e-08
      236.982  8.94710e-10  1.65702e-07  1.65702e-07  2.06541e-08  2.06541e-08
      243.389  5.44474e-11  1.49046e-07  1.49046e-07  2.28879e-08  2.28879e-08
      249.975  9.89970e-12  1.33466e-07     0.133466  2.48710e-08  2.48710e-08
      256.736  2.75218e-12  1.19687e-07     0.119687  1.34983e-07  1.34983e-07
      263.676  1.06919e-12  1.09095e-07     0.109095  1.23794e-07  1.23794e-07
      270.807  7.77432e-13  9.98071e-08  9.98071e-08  1.13841e-07  1.13841e-07
      278.134  8.68627e-13  9.03477e-08  9.03477e-08  1.03742e-07  1.03742e-07
      285.658  1.64754e-12  8.11382e-08  8.11382e-08  9.39681e-08  9.39681e-08
      293.385  6.85630e-12  7.29985e-08  7.29985e-08  8.53515e-08  8.53515e-08
      301.315  3.71242e-11  6.59746e-08  6.59746e-08    0.0779647  7.79647e-08
      309.469  1.86932e-10  5.93577e-08  5.93577e-08    0.0709419  7.09419e-08
      317.839  8.95045e-10  5.32189e-08  5.32189e-08  6.43292e-08  6.43292e-08
      326.434  3.78431e-09  4.76435e-08  4.76435e-08  5.82849e-08  5.82849e-08
      335.262  1.24327e-08  4.22898e-08  4.22898e-08  5.23997e-08  5.23997e-08
      344.332  3.43867e-08  3.74225e-08  3.74225e-08  4.70194e-08  4.70194e-08
      353.644  8.30453e-08  3.35352e-08  3.35352e-08  4.27713e-08    0.0427713
      363.208  1.48342e-07  3.01847e-08  3.01847e-08  3.91633e-08    0.0391633
      373.033  2.55674e-07  2.70291e-08  2.70291e-08  3.57512e-08  3.57512e-08
      383.120  2.42714e-07  2.41232e-08  2.41232e-08  3.26923e-08  3.26923e-08
      393.481  2.20822e-07  2.13800e-08  2.13800e-08  2.97418e-08  2.97418e-08
      404.127  1.43543e-07  1.88157e-08  1.88157e-08  2.69219e-08  2.69219e-08
      415.060  6.30793e-08  1.64183e-08  1.64183e-08  2.41999e-08  2.41999e-08
      426.292  2.68613e-08  1.42313e-08  1.42313e-08  2.16348e-08  2.16348e-08
      437.809  1.12524e-08  1.23068e-08  1.23068e-08  1.93248e-08  1.93248e-08
      449.655  4.53855e-09  1.05878e-08  1.05878e-08  1.72092e-08  1.72092e-08
      461.816  2.41639e-09  9.12015e-09  9.12015e-09  1.54759e-08  1.54759e-08
      474.308  1.65483e-09  7.70677e-09  7.70677e-09  1.37149e-08  1.37149e-08
      487.131  1.12246e-09  6.43510e-09  6.43510e-09  1.20319e-08  1.20319e-08
      500.323  1.02989e-09  5.32405e-09  5.32405e-09  1.04776e-08  1.04776e-08
      513.844  1.20059e-09  4.36366e-09  4.36366e-09  9.05923e-09  9.05923e-09
      527.734  1.38766e-09  3.54905e-09  3.54905e-09  7.80248e-09  7.80248e-09
      542.016  1.62890e-09  2.85801e-09  2.85801e-09  6.67554e-09  6.67554e-09
      556.668  2.88325e-09  2.32417e-09  2.32417e-09  5.71043e-09  5.71043e-09
      571.738  5.73908e-09  1.87959e-09  1.87959e-09  4.86986e-09  4.86986e-09
      587.202  1.10751e-08  1.52629e-09  1.52629e-09  4.17427e-09  4.17427e-09
      603.084  2.00207e-08  1.26276e-09  1.26276e-09  3.65265e-09  3.65265e-09
      619.385  3.12757e-08  1.05001e-09  1.05001e-09  3.16737e-09  3.16737e-09
      636.135  4.18280e-08  9.02313e-10  9.02313e-10  2.82815e-09  2.82815e-09
      653.368  4.64553e-08  7.97533e-10  7.97533e-10  2.60109e-09  2.60109e-09
      671.015  5.35103e-08  7.63831e-10  7.63831e-10  2.59550e-09  2.59550e-09
      689.182  5.53933e-08  7.30447e-10  7.30447e-10  2.58740e-09  2.58740e-09
      707.793  5.48117e-08  6.59955e-10  6.59955e-10  2.43100e-09  2.43100e-09
      726.969  4.78818e-08  5.74326e-10  5.74326e-10  2.19360e-09  2.19360e-09
      746.627  3.52931e-08  4.68079e-10  4.68079e-10  1.87068e-09  1.87068e-09
      766.809  2.38372e-08  3.52873e-10  3.52873e-10  1.49054e-09  1.49054e-09
      787.561  1.43274e-08  2.49456e-10  2.49456e-10  1.10944e-09  1.10944e-09
      808.834  5.62299e-09  8.25229e-11  8.25229e-11  4.32503e-10  4.32503e-10
      830.731  5.11734e-10  1.71605e-12  1.71605e-12  1.64298e-11  1.64298e-11
      853.200  8.99415e-12  1.57620e-15  1.57620e-15  4.54160e-14  4.54160e-14
      876.299  9.75481e-13  5.05263e-17  5.05263e-17  2.44158e-15  2.44158e-15
      899.964  2.30075e-13  7.24812e-18  7.24812e-18  4.63158e-16  4.63158e-16
      924.322  5.82212e-14  1.20209e-18  1.20209e-18  9.95466e-17  9.95466e-17
      949.307  1.62801e-14  2.73738e-19  2.73738e-19  2.73738e-17  2.73738e-17
      974.990  4.46223e-15  6.20382e-20  6.20382e-20  7.51050e-18  7.51050e-18
      1001.37  1.30057e-15  1.62505e-20  1.62505e-20  2.33200e-18  2.33200e-18
      1028.46  4.04960e-16  4.92891e-21  4.92891e-21  8.21267e-19  8.21267e-19
      1056.23  1.29042e-16  1.51144e-21  1.51144e-21  2.95033e-19  2.95033e-19
      1084.79  3.90366e-17  4.32791e-22  4.32791e-22  1.00057e-19  1.00057e-19
      1114.14  1.10403e-17  1.13294e-22  1.13294e-22  3.15327e-20  3.15327e-20
      1144.27  2.06570e-18  1.72219e-23  1.72219e-23  6.29406e-21  6.29406e-21
      1175.29  3.38984e-19  2.19800e-24  2.19800e-24  1.08835e-21  1.08835e-21
      1207.11  5.30567e-20  2.56452e-25  2.56452e-25  1.76251e-22  1.76251e-22
      1239.70  7.32849e-21  2.52741e-26  2.52741e-26  2.46934e-23  2.46934e-23
