 301 lines :  Sn/SiO filter transmission:  100 nm Sn and 15 nm SiO protective layer : Corrected above 50 nm
 2 columns : Wavelength (Angstrom),  Transmission
     0.413233     0.997069
     0.424409     0.997064
     0.435885     0.999450
     0.447674     0.999409
     0.459795     0.999364
     0.472231     0.999316
     0.484997     0.999264
     0.498112     0.999208
     0.511596     0.999147
     0.525430     0.999082
     0.539634     0.999012
     0.554229     0.998936
     0.569218     0.998855
     0.584626     0.998767
     0.600426     0.998672
     0.616674     0.998570
     0.633340     0.998460
     0.650488     0.998342
     0.668086     0.998214
     0.686130     0.998076
     0.704695     0.997928
     0.723743     0.997769
     0.743315     0.997597
     0.763456     0.997412
     0.784074     0.997212
     0.805314     0.996998
     0.827073     0.996767
     0.849459     0.996518
     0.872414     0.996250
     0.895996     0.995962
     0.920273     0.995652
     0.945109     0.995319
     0.970715     0.994960
     0.996944     0.994574
      1.02395     0.994158
      1.05166     0.993712
      1.08007     0.993233
      1.10925     0.992718
      1.13933     0.992164
      1.17008     0.991570
      1.20173     0.990932
      1.23427     0.990239
      1.26763     0.989495
      1.30192     0.988705
      1.33712     0.987858
      1.37329     0.986950
      1.41043     0.985977
      1.44859     0.984934
      1.48777     0.983818
      1.52800     0.982624
      1.56934     0.981346
      1.61178     0.979979
      1.65538     0.978518
      1.70015     0.976958
      1.74613     0.975293
      1.79337     0.973516
      1.84186     0.971622
      1.89169     0.969602
      1.94286     0.967453
      1.99540     0.965166
      2.04936     0.962734
      2.10479     0.960152
      2.16171     0.957410
      2.22021     0.954504
      2.28024     0.951425
      2.34193     0.948171
      2.40527     0.944729
      2.47031     0.941097
      2.53715     0.937265
      2.60573     0.933235
      2.67621     0.929004
      2.74860     0.924558
      2.82295     0.928254
      2.89934     0.923409
      2.97776     0.918242
      3.05827     0.935378
      3.14103     0.930905
      3.22595     0.975806
      3.31320     0.973951
      3.40278     0.971979
      3.49487     0.969881
      3.58938     0.967654
      3.68640     0.965289
      3.78615     0.962777
      3.88852     0.960110
      3.99375     0.957282
      4.10171     0.954283
      4.21265     0.951102
      4.32660     0.947732
      4.44369     0.944162
      4.56393     0.940382
      4.68731     0.936383
      4.81399     0.932152
      4.94436     0.927678
      5.07803     0.922950
      5.21540     0.917955
      5.35646     0.912683
      5.50122     0.907124
      5.65015     0.901257
      5.80302     0.895071
      5.95981     0.888563
      6.12107     0.881743
      6.28651     0.874643
      6.45677     0.867117
      6.63118     0.859180
      6.81079     0.856482
      6.99487     0.847964
      7.18417     0.839064
      7.37829     0.829875
      7.57809     0.820221
      7.78266     0.810088
      7.99342     0.799440
      8.20939     0.788291
      8.43161     0.776549
      8.65954     0.764235
      8.89375     0.751346
      9.13425     0.737868
      9.38172     0.723801
      9.63547     0.709139
      9.89622     0.693873
      10.1631     0.678009
      10.4387     0.661495
      10.7203     0.644402
      11.0107     0.626683
      11.3080     0.608401
      11.6142     0.589521
      11.9282     0.570123
      12.2512     0.550658
      12.5825     0.524052
      12.9228     0.500394
      13.2723     0.486157
      13.6313     0.471761
      14.0000     0.456179
      14.3787     0.438892
      14.7677     0.421432
      15.1669     0.405192
      15.5773     0.389904
      15.9986     0.374901
      16.4312     0.365642
      16.8756     0.370149
      17.3322     0.391031
      17.8010     0.390510
      18.2825     0.373350
      18.7768     0.360120
      19.2847     0.346628
      19.8064     0.331624
      20.3420     0.316635
      20.8922     0.306900
      21.4574     0.299523
      22.0375     0.297116
      22.6338     0.305134
      23.2458     0.338335
      23.8748     0.422471
      24.5204     0.558228
      25.1833     0.672081
      25.8648     0.711057
      26.5642     0.716811
      27.2827     0.717739
      28.0209     0.712934
      28.7787     0.704728
      29.5568     0.695653
      30.3565     0.685823
      31.1772     0.674036
      32.0204     0.661731
      32.8868     0.649070
      33.7765     0.637041
      34.6895     0.625359
      35.6277     0.613405
      36.5920     0.601178
      37.5815     0.589418
      38.5983     0.579551
      39.6425     0.569740
      40.7140     0.559754
      41.8154     0.551067
      42.9467     0.545622
      44.1080     0.540244
      45.3007     0.535169
      46.5266     0.531846
      47.7837     0.528600
      49.0776     0.525193
      50.4046     0.521644
      51.7685     0.519990
      53.1672     0.522850
      54.6051     0.525352
      56.0823     0.527486
      57.5989     0.529246
      59.1573     0.531930
      60.7577     0.537518
      62.4000     0.542442
      64.0904     0.546651
      65.8224     0.550288
      67.6028     0.558619
      69.4315     0.568303
      71.3086     0.572052
      73.2380     0.574817
      75.2199     0.574732
      77.2543     0.562643
      79.3408     0.534991
      81.4895     0.492505
      83.6900     0.422168
      85.9590     0.348242
      88.2789     0.292547
      90.6677     0.244878
      93.1195     0.199337
      95.6411     0.157522
      98.2252     0.119390
      100.887    0.0865177
      103.611    0.0598041
      106.412    0.0417038
      109.292    0.0281125
      112.251    0.0177932
      115.289    0.0105539
      118.405   0.00581408
      121.611   0.00331987
      124.894   0.00248394
      128.272   0.00197525
      131.741   0.00141981
      135.304   0.00100294
      138.964  0.000714492
      142.722  0.000544090
      146.583  0.000413795
      150.548  0.000311596
      154.620  0.000240072
      158.802  0.000202010
      163.097  0.000171526
      167.509  0.000154759
      172.040  0.000142733
      176.691  0.000134373
      181.471  0.000131086
      186.379  0.000127839
      191.421  0.000124604
      196.597  0.000124113
      201.915  0.000124652
      207.377  0.000125063
      212.985  0.000133199
      218.746  0.000171550
      224.661  0.000221363
      230.741  0.000286898
      236.982  0.000399091
      243.389  0.000554824
      249.975  0.000758321
      256.736   0.00107024
      263.676   0.00153993
      270.807   0.00216848
      278.134   0.00299015
      285.658   0.00401984
      293.385   0.00529292
      301.315   0.00685567
      309.469   0.00874049
      317.839    0.0108518
      326.434    0.0127374
      335.262    0.0147464
      344.332    0.0169445
      353.644    0.0185572
      363.208    0.0200899
      373.033    0.0203531
      383.120    0.0185298
      393.481    0.0163614
      404.127    0.0127154
      415.060   0.00973976
      426.292   0.00747784
      437.809   0.00676074
      449.655   0.00667865
      461.816   0.00673961
      474.308   0.00774482
      487.131   0.00915221
      500.323    0.0126679
      513.844    0.0765099
      527.734     0.174928
      542.016     0.191950
      556.668     0.185702
      571.738     0.174499
      587.202     0.159600
      603.084     0.141400
      619.385     0.121942
      636.135     0.103835
      653.368    0.0865685
      671.015    0.0721703
      689.182    0.0559712
      707.793    0.0394998
      726.969    0.0238394
      746.627    0.0139526
      766.809    0.0114883
      787.561   0.00891302
      808.834   0.00649609
      830.731   0.00428272
      853.200   0.00265679
      876.299   0.00152267
      899.964  0.000811894
      924.322  0.000363058
      949.307  0.000155754
      974.990  7.99418e-05
      1001.37  3.97427e-05
      1028.46  2.17383e-05
      1056.23  1.37203e-05
      1084.79  8.46958e-06
      1114.14  5.73587e-06
      1144.27  3.81932e-06
      1175.29  2.49899e-06
      1207.11  1.60682e-06
      1239.70  1.01623e-06
      
