;  Henke constants used in calculating transmissions
;	Transmission = exp( -1. * thickness_in_Angstroms / mu )
;	where "mu" is the Henke constant listed below
;
;	Tom Woods
;	26 May 2005
;
;	NOTE:  XPS responsitivity is calculated using "SiO" as separate item
;	instead of using Si and O separately.
;
FORMAT = (F10.3,6E11.3)
 301 lines : Henke constants from Tom Woods for comparison
 7 columns : Wavelength_Angstrom  mu_Ti   mu_Al  mu_C   mu_Si   mu_SiO   mu_O
  1239.700  1.051E+02  7.612E+01  1.814E+02  9.220E+01  1.250E+02  1.802E+02
  1207.108  1.086E+02  8.081E+01  1.703E+02  9.683E+01  1.306E+02  1.840E+02
  1175.294  1.122E+02  8.581E+01  1.600E+02  1.017E+02  1.365E+02  1.889E+02
  1144.268  1.160E+02  9.111E+01  1.500E+02  1.068E+02  1.428E+02  1.940E+02
  1114.137  1.198E+02  9.666E+01  1.397E+02  1.122E+02  1.493E+02  1.992E+02
  1084.792  1.232E+02  1.012E+02  1.301E+02  1.119E+02  1.497E+02  2.045E+02
  1056.232  1.266E+02  1.059E+02  1.212E+02  1.108E+02  1.493E+02  2.099E+02
  1028.455  1.301E+02  1.108E+02  1.131E+02  1.091E+02  1.480E+02  2.147E+02
  1001.373  1.337E+02  1.160E+02  1.062E+02  1.087E+02  1.482E+02  2.193E+02
   974.990  1.374E+02  1.223E+02  9.967E+01  1.095E+02  1.497E+02  2.241E+02
   949.307  1.412E+02  1.303E+02  9.355E+01  1.122E+02  1.532E+02  2.289E+02
   924.322  1.451E+02  1.393E+02  8.800E+01  1.156E+02  1.577E+02  2.337E+02
   899.964  1.487E+02  1.518E+02  8.474E+01  1.203E+02  1.630E+02  2.342E+02
   876.299  1.524E+02  1.679E+02  8.160E+01  1.285E+02  1.718E+02  2.338E+02
   853.200  1.562E+02  2.064E+02  7.867E+01  1.426E+02  1.866E+02  2.333E+02
   830.731  1.601E+02  3.848E+02  7.685E+01  1.594E+02  2.023E+02  2.275E+02
   808.834  1.638E+02  7.334E+02  7.550E+01  1.826E+02  2.218E+02  2.191E+02
   787.561  1.675E+02  9.945E+02  7.418E+01  2.059E+02  2.349E+02  1.993E+02
   766.809  1.713E+02  1.137E+03  7.309E+01  2.299E+02  2.407E+02  1.730E+02
   746.627  1.743E+02  1.267E+03  7.330E+01  2.568E+02  2.431E+02  1.502E+02
   726.969  1.769E+02  1.392E+03  7.355E+01  2.874E+02  2.419E+02  1.304E+02
   707.793  1.779E+02  1.497E+03  7.381E+01  3.267E+02  2.386E+02  1.133E+02
   689.182  1.777E+02  1.594E+03  7.451E+01  3.844E+02  2.328E+02  9.748E+01
   671.015  1.775E+02  1.669E+03  7.572E+01  4.433E+02  2.198E+02  8.335E+01
   653.368  1.759E+02  1.748E+03  7.695E+01  5.043E+02  2.072E+02  7.325E+01
   636.135  1.739E+02  1.831E+03  7.821E+01  5.822E+02  2.045E+02  6.901E+01
   619.385  1.693E+02  1.917E+03  7.949E+01  6.730E+02  2.052E+02  6.688E+01
   603.084  1.630E+02  1.988E+03  8.142E+01  7.766E+02  2.106E+02  6.697E+01
   587.202  1.558E+02  2.061E+03  8.445E+01  9.035E+02  2.158E+02  6.707E+01
   571.738  1.484E+02  2.138E+03  8.764E+01  1.029E+03  2.204E+02  6.734E+01
   556.668  1.414E+02  2.217E+03  9.094E+01  1.141E+03  2.250E+02  6.796E+01
   542.016  1.359E+02  2.299E+03  9.437E+01  1.273E+03  2.297E+02  6.858E+01
   527.734  1.337E+02  2.367E+03  9.918E+01  1.422E+03  2.343E+02  6.922E+01
   513.844  1.317E+02  2.434E+03  1.045E+02  1.569E+03  2.389E+02  6.999E+01
   500.323  1.297E+02  2.502E+03  1.101E+02  1.719E+03  2.450E+02  7.131E+01
   487.131  1.295E+02  2.572E+03  1.161E+02  1.847E+03  2.507E+02  7.266E+01
   474.308  1.313E+02  2.644E+03  1.224E+02  1.954E+03  2.562E+02  7.404E+01
   461.816  1.332E+02  2.694E+03  1.296E+02  2.066E+03  2.618E+02  7.544E+01
   449.655  1.370E+02  2.714E+03  1.372E+02  2.158E+03  2.673E+02  7.687E+01
   437.809  1.433E+02  2.733E+03  1.454E+02  2.241E+03  2.727E+02  7.832E+01
   426.292  1.499E+02  2.753E+03  1.540E+02  2.326E+03  2.783E+02  7.980E+01
   415.060  1.570E+02  2.773E+03  1.632E+02  2.397E+03  2.838E+02  8.132E+01
   404.127  1.645E+02  2.793E+03  1.733E+02  2.443E+03  2.892E+02  8.286E+01
   393.481  1.682E+02  2.813E+03  1.841E+02  2.449E+03  2.943E+02  8.442E+01
   383.120  1.683E+02  2.833E+03  1.955E+02  2.453E+03  2.995E+02  8.602E+01
   373.033  1.680E+02  2.854E+03  2.076E+02  2.450E+03  3.047E+02  8.765E+01
   363.208  1.613E+02  2.878E+03  2.205E+02  2.450E+03  3.100E+02  8.931E+01
   353.644  1.547E+02  2.903E+03  2.341E+02  2.451E+03  3.154E+02  9.100E+01
   344.332  1.460E+02  2.928E+03  2.480E+02  2.451E+03  3.212E+02  9.281E+01
   335.262  1.371E+02  2.953E+03  2.627E+02  2.451E+03  3.305E+02  9.573E+01
   326.434  1.281E+02  2.979E+03  2.783E+02  2.467E+03  3.417E+02  9.922E+01
   317.839  1.188E+02  3.004E+03  2.948E+02  2.495E+03  3.535E+02  1.028E+02
   309.469  1.102E+02  3.031E+03  3.138E+02  2.523E+03  3.656E+02  1.066E+02
   301.315  1.025E+02  3.062E+03  3.351E+02  2.552E+03  3.781E+02  1.105E+02
   293.385  9.558E+01  3.095E+03  3.577E+02  2.582E+03  3.910E+02  1.145E+02
   285.658  9.037E+01  3.129E+03  3.820E+02  2.611E+03  4.043E+02  1.187E+02
   278.134  8.806E+01  3.163E+03  4.078E+02  2.641E+03  4.181E+02  1.230E+02
   270.807  8.747E+01  3.198E+03  4.327E+02  2.671E+03  4.323E+02  1.275E+02
   263.676  8.823E+01  3.237E+03  4.566E+02  2.702E+03  4.470E+02  1.321E+02
   256.736  9.104E+01  3.304E+03  4.819E+02  2.754E+03  4.625E+02  1.369E+02
   249.975  9.517E+01  3.378E+03  5.085E+02  2.837E+03  4.823E+02  1.430E+02
   243.389  1.014E+02  3.453E+03  5.367E+02  2.922E+03  5.046E+02  1.499E+02
   236.982  1.139E+02  3.530E+03  5.663E+02  3.010E+03  5.279E+02  1.571E+02
   230.741  1.284E+02  3.609E+03  5.965E+02  3.101E+03  5.523E+02  1.646E+02
   224.661  1.451E+02  3.693E+03  6.235E+02  3.195E+03  5.778E+02  1.726E+02
   218.746  1.648E+02  3.831E+03  6.516E+02  3.291E+03  6.045E+02  1.809E+02
   212.985  1.871E+02  3.975E+03  6.811E+02  3.390E+03  6.324E+02  1.896E+02
   207.377  2.147E+02  4.125E+03  7.119E+02  3.492E+03  6.615E+02  1.987E+02
   201.915  2.483E+02  4.280E+03  7.463E+02  3.598E+03  6.920E+02  2.083E+02
   196.597  2.850E+02  4.442E+03  7.898E+02  3.706E+03  7.239E+02  2.183E+02
   191.421  3.236E+02  4.609E+03  8.358E+02  3.820E+03  7.572E+02  2.288E+02
   186.379  3.673E+02  4.791E+03  8.846E+02  3.941E+03  7.922E+02  2.398E+02
   181.471  4.085E+02  4.990E+03  9.362E+02  4.066E+03  8.287E+02  2.514E+02
   176.691  4.377E+02  5.172E+03  9.908E+02  4.194E+03  8.668E+02  2.634E+02
   172.040  4.683E+02  5.324E+03  1.049E+03  4.327E+03  9.063E+02  2.760E+02
   167.509  4.966E+02  5.413E+02  1.110E+03  4.463E+03  9.475E+02  2.891E+02
   163.097  5.184E+02  5.087E+02  1.174E+03  4.604E+03  9.906E+02  3.028E+02
   158.802  5.394E+02  4.780E+02  1.243E+03  4.755E+03  1.036E+03  3.172E+02
   154.620  5.551E+02  4.491E+02  1.315E+03  4.943E+03  1.084E+03  3.323E+02
   150.548  5.699E+02  4.220E+02  1.392E+03  5.145E+03  1.135E+03  3.481E+02
   146.583  5.848E+02  3.965E+02  1.473E+03  5.356E+03  1.187E+03  3.647E+02
   142.722  5.940E+02  3.761E+02  1.559E+03  5.575E+03  1.243E+03  3.820E+02
   138.964  6.028E+02  3.685E+02  1.650E+03  5.803E+03  1.301E+03  4.002E+02
   135.304  6.117E+02  3.626E+02  1.746E+03  6.040E+03  1.361E+03  4.192E+02
   131.741  6.208E+02  3.567E+02  1.848E+03  6.351E+03  1.427E+03  4.391E+02
   128.272  6.314E+02  3.510E+02  1.956E+03  6.763E+03  1.498E+03  4.600E+02
   124.894  6.483E+02  3.453E+02  2.070E+03  9.284E+02  8.340E+02  4.830E+02
   121.611  6.666E+02  3.397E+02  2.191E+03  8.587E+02  8.193E+02  5.118E+02
   118.405  6.855E+02  3.350E+02  2.318E+03  7.943E+02  8.013E+02  5.425E+02
   115.289  7.049E+02  3.313E+02  2.454E+03  7.347E+02  7.802E+02  5.749E+02
   112.251  7.254E+02  3.277E+02  2.597E+03  6.796E+02  7.565E+02  6.093E+02
   109.292  7.525E+02  3.242E+02  2.748E+03  6.284E+02  7.303E+02  6.458E+02
   106.412  7.816E+02  3.206E+02  2.909E+03  5.609E+02  6.843E+02  6.844E+02
   103.611  8.117E+02  3.171E+02  3.078E+03  5.012E+02  6.381E+02  7.254E+02
   100.887  8.431E+02  3.137E+02  3.257E+03  4.516E+02  5.959E+02  7.687E+02
    98.225  8.698E+02  3.156E+02  3.448E+03  4.240E+02  5.729E+02  8.147E+02
    95.641  8.914E+02  3.233E+02  3.649E+03  4.098E+02  5.630E+02  8.634E+02
    93.120  9.136E+02  3.313E+02  3.865E+03  3.982E+02  5.551E+02  9.151E+02
    90.668  9.363E+02  3.394E+02  4.107E+03  3.988E+02  5.608E+02  9.686E+02
    88.279  9.603E+02  3.478E+02  4.365E+03  4.047E+02  5.727E+02  1.024E+03
    85.959  9.862E+02  3.563E+02  4.638E+03  4.218E+02  5.981E+02  1.083E+03
    83.690  1.013E+03  3.651E+02  4.929E+03  4.395E+02  6.246E+02  1.146E+03
    81.490  1.040E+03  3.751E+02  5.237E+03  4.562E+02  6.501E+02  1.212E+03
    79.341  1.069E+03  3.870E+02  5.566E+03  4.562E+02  6.553E+02  1.282E+03
    77.254  1.099E+03  3.993E+02  5.915E+03  4.547E+02  6.582E+02  1.356E+03
    75.220  1.137E+03  4.119E+02  6.285E+03  4.521E+02  6.595E+02  1.434E+03
    73.238  1.179E+03  4.250E+02  6.679E+03  4.511E+02  6.627E+02  1.516E+03
    71.309  1.222E+03  4.385E+02  7.098E+03  4.616E+02  6.807E+02  1.604E+03
    69.432  1.267E+03  4.540E+02  7.543E+03  4.774E+02  7.057E+02  1.696E+03
    67.603  1.312E+03  4.798E+02  8.017E+03  4.986E+02  7.387E+02  1.807E+03
    65.822  1.353E+03  5.094E+02  8.580E+03  5.285E+02  7.845E+02  1.950E+03
    64.090  1.396E+03  5.408E+02  9.234E+03  5.597E+02  8.324E+02  2.103E+03
    62.400  1.443E+03  5.741E+02  9.938E+03  5.921E+02  8.825E+02  2.270E+03
    60.758  1.504E+03  6.098E+02  1.070E+04  6.264E+02  9.355E+02  2.449E+03
    59.157  1.571E+03  6.479E+02  1.151E+04  6.627E+02  9.916E+02  2.642E+03
    57.599  1.641E+03  6.884E+02  1.239E+04  7.011E+02  1.051E+03  2.851E+03
    56.082  1.720E+03  7.314E+02  1.332E+04  7.417E+02  1.114E+03  3.076E+03
    54.605  1.809E+03  7.734E+02  1.428E+04  7.847E+02  1.181E+03  3.319E+03
    53.167  1.903E+03  8.146E+02  1.530E+04  8.301E+02  1.252E+03  3.581E+03
    51.768  1.993E+03  8.578E+02  1.640E+04  8.782E+02  1.326E+03  3.856E+03
    50.405  2.080E+03  9.035E+02  1.761E+04  9.291E+02  1.404E+03  4.121E+03
    49.078  2.171E+03  9.515E+02  1.918E+04  9.829E+02  1.487E+03  4.400E+03
    47.784  2.270E+03  1.002E+03  2.098E+04  1.040E+03  1.574E+03  4.697E+03
    46.527  2.380E+03  1.057E+03  2.294E+04  1.100E+03  1.667E+03  5.015E+03
    45.301  2.497E+03  1.126E+03  2.509E+04  1.164E+03  1.765E+03  5.355E+03
    44.108  2.620E+03  1.205E+03  2.744E+04  1.231E+03  1.869E+03  5.721E+03
    42.947  2.750E+03  1.289E+03  1.028E+03  1.303E+03  1.979E+03  6.116E+03
    41.815  2.887E+03  1.378E+03  1.090E+03  1.382E+03  2.101E+03  6.539E+03
    40.714  3.030E+03  1.474E+03  1.157E+03  1.472E+03  2.239E+03  6.991E+03
    39.642  3.182E+03  1.577E+03  1.227E+03  1.568E+03  2.386E+03  7.474E+03
    38.598  3.342E+03  1.686E+03  1.302E+03  1.671E+03  2.542E+03  7.990E+03
    37.581  3.511E+03  1.804E+03  1.382E+03  1.780E+03  2.709E+03  8.543E+03
    36.592  3.687E+03  1.929E+03  1.466E+03  1.896E+03  2.887E+03  9.133E+03
    35.628  3.873E+03  2.063E+03  1.556E+03  2.020E+03  3.076E+03  9.764E+03
    34.690  4.088E+03  2.207E+03  1.651E+03  2.152E+03  3.278E+03  1.044E+04
    33.777  4.352E+03  2.348E+03  1.751E+03  2.292E+03  3.493E+03  1.116E+04
    32.887  4.632E+03  2.495E+03  1.859E+03  2.442E+03  3.722E+03  1.193E+04
    32.020  4.922E+03  2.651E+03  1.984E+03  2.599E+03  3.963E+03  1.276E+04
    31.177  5.176E+03  2.816E+03  2.119E+03  2.765E+03  4.219E+03  1.366E+04
    30.357  5.449E+03  2.992E+03  2.264E+03  2.942E+03  4.491E+03  1.462E+04
    29.557  5.738E+03  3.179E+03  2.419E+03  3.130E+03  4.780E+03  1.566E+04
    28.779  6.042E+03  3.377E+03  2.584E+03  3.330E+03  5.088E+03  1.677E+04
    28.021  6.362E+03  3.599E+03  2.761E+03  3.542E+03  5.416E+03  1.795E+04
    27.283  6.699E+03  3.845E+03  2.950E+03  3.769E+03  5.765E+03  1.922E+04
    26.564  7.717E+02  4.107E+03  3.151E+03  4.010E+03  6.137E+03  2.058E+04
    25.865  8.174E+02  4.387E+03  3.367E+03  4.266E+03  6.532E+03  2.203E+04
    25.183  8.659E+02  4.688E+03  3.600E+03  4.538E+03  6.953E+03  2.358E+04
    24.520  9.173E+02  5.012E+03  3.851E+03  4.828E+03  7.401E+03  2.524E+04
    23.875  9.716E+02  5.366E+03  4.120E+03  5.138E+03  7.879E+03  2.703E+04
    23.246  1.029E+03  5.743E+03  4.407E+03  5.495E+03  8.427E+03  2.893E+04
    22.634  1.090E+03  6.146E+03  4.715E+03  5.879E+03  3.712E+03  1.593E+03
    22.038  1.155E+03  6.583E+03  5.044E+03  6.290E+03  3.967E+03  1.701E+03
    21.457  1.059E+03  7.062E+03  5.396E+03  6.729E+03  4.238E+03  1.816E+03
    20.892  1.123E+03  7.580E+03  5.772E+03  7.199E+03  4.525E+03  1.936E+03
    20.342  1.192E+03  8.138E+03  6.175E+03  7.702E+03  4.830E+03  2.064E+03
    19.806  1.264E+03  8.737E+03  6.606E+03  8.240E+03  5.157E+03  2.201E+03
    19.285  1.342E+03  9.396E+03  7.067E+03  8.815E+03  5.513E+03  2.352E+03
    18.777  1.429E+03  1.013E+04  7.560E+03  9.431E+03  5.906E+03  2.522E+03
    18.283  1.519E+03  1.091E+04  8.084E+03  1.010E+04  6.324E+03  2.699E+03
    17.801  1.607E+03  1.167E+04  8.618E+03  1.085E+04  6.749E+03  2.871E+03
    17.332  1.704E+03  1.250E+04  9.221E+03  1.164E+04  7.212E+03  3.059E+03
    16.876  1.814E+03  1.343E+04  9.916E+03  1.250E+04  7.723E+03  3.271E+03
    16.431  1.931E+03  1.443E+04  1.067E+04  1.342E+04  8.269E+03  3.498E+03
    15.999  2.056E+03  1.550E+04  1.147E+04  1.440E+04  8.857E+03  3.741E+03
    15.577  2.191E+03  1.667E+04  1.234E+04  1.546E+04  9.499E+03  4.010E+03
    15.167  2.334E+03  1.793E+04  1.327E+04  1.657E+04  1.019E+04  4.302E+03
    14.768  2.488E+03  1.928E+04  1.427E+04  1.776E+04  1.092E+04  4.613E+03
    14.379  2.652E+03  2.074E+04  1.536E+04  1.903E+04  1.170E+04  4.939E+03
    14.000  2.827E+03  2.231E+04  1.653E+04  2.040E+04  1.251E+04  5.277E+03
    13.631  3.014E+03  2.400E+04  1.779E+04  2.186E+04  1.338E+04  5.637E+03
    13.272  3.215E+03  2.583E+04  1.915E+04  2.346E+04  1.433E+04  6.031E+03
    12.923  3.433E+03  2.779E+04  2.062E+04  2.525E+04  1.539E+04  6.469E+03
    12.582  3.666E+03  2.990E+04  2.220E+04  2.716E+04  1.654E+04  6.943E+03
    12.251  3.915E+03  3.216E+04  2.390E+04  2.857E+04  1.761E+04  7.451E+03
    11.928  4.180E+03  3.454E+04  2.573E+04  3.042E+04  1.884E+04  7.991E+03
    11.614  4.467E+03  3.717E+04  2.775E+04  3.264E+04  2.022E+04  8.579E+03
    11.308  4.775E+03  4.001E+04  2.992E+04  3.502E+04  2.170E+04  9.211E+03
    11.011  5.104E+03  4.307E+04  3.226E+04  3.758E+04  2.330E+04  9.888E+03
    10.720  5.456E+03  4.637E+04  3.479E+04  4.033E+04  2.501E+04  1.062E+04
    10.439  5.831E+03  4.991E+04  3.750E+04  4.329E+04  2.685E+04  1.140E+04
    10.163  6.233E+03  5.373E+04  4.044E+04  4.647E+04  2.882E+04  1.224E+04
     9.896  6.663E+03  5.782E+04  4.362E+04  4.988E+04  3.095E+04  1.314E+04
     9.635  7.130E+03  6.216E+04  4.709E+04  5.355E+04  3.325E+04  1.412E+04
     9.382  7.632E+03  6.681E+04  5.085E+04  5.751E+04  3.572E+04  1.518E+04
     9.134  8.169E+03  7.180E+04  5.491E+04  6.178E+04  3.839E+04  1.631E+04
     8.894  8.744E+03  7.716E+04  5.930E+04  6.636E+04  4.125E+04  1.754E+04
     8.660  9.359E+03  8.293E+04  6.404E+04  7.130E+04  4.433E+04  1.885E+04
     8.432  1.002E+04  8.917E+04  6.915E+04  7.662E+04  4.765E+04  2.026E+04
     8.209  1.074E+04  9.613E+04  7.471E+04  8.240E+04  5.125E+04  2.180E+04
     7.993  1.151E+04  1.040E+05  8.072E+04  8.875E+04  5.518E+04  2.346E+04
     7.783  1.235E+04  9.344E+03  8.723E+04  9.561E+04  5.942E+04  2.526E+04
     7.578  1.325E+04  9.951E+03  9.426E+04  1.030E+05  6.398E+04  2.719E+04
     7.378  1.421E+04  1.060E+04  1.019E+05  1.109E+05  6.889E+04  2.927E+04
     7.184  1.524E+04  1.129E+04  1.101E+05  1.195E+05  7.418E+04  3.150E+04
     6.995  1.635E+04  1.205E+04  1.190E+05  1.290E+05  7.997E+04  3.394E+04
     6.811  1.755E+04  1.288E+04  1.287E+05  1.394E+05  8.626E+04  3.657E+04
     6.631  1.885E+04  1.376E+04  1.392E+05  1.318E+04  1.908E+04  3.940E+04
     6.457  2.023E+04  1.470E+04  1.505E+05  1.405E+04  2.037E+04  4.245E+04
     6.287  2.172E+04  1.571E+04  1.628E+05  1.497E+04  2.174E+04  4.574E+04
     6.121  2.331E+04  1.678E+04  1.760E+05  1.596E+04  2.320E+04  4.928E+04
     5.960  2.503E+04  1.796E+04  1.904E+05  1.703E+04  2.479E+04  5.311E+04
     5.803  2.688E+04  1.923E+04  2.060E+05  1.819E+04  2.651E+04  5.726E+04
     5.650  2.887E+04  2.060E+04  2.229E+05  1.944E+04  2.836E+04  6.175E+04
     5.501  3.101E+04  2.208E+04  2.412E+05  2.079E+04  3.036E+04  6.659E+04
     5.356  3.331E+04  2.367E+04  2.611E+05  2.224E+04  3.251E+04  7.182E+04
     5.215  3.578E+04  2.539E+04  2.826E+05  2.380E+04  3.483E+04  7.748E+04
     5.078  3.845E+04  2.725E+04  3.060E+05  2.549E+04  3.734E+04  8.360E+04
     4.944  4.130E+04  2.925E+04  3.313E+05  2.731E+04  4.003E+04  9.021E+04
     4.814  4.438E+04  3.140E+04  3.587E+05  2.927E+04  4.294E+04  9.736E+04
     4.687  4.769E+04  3.373E+04  3.885E+05  3.138E+04  4.608E+04  1.051E+05
     4.564  5.125E+04  3.624E+04  4.208E+05  3.366E+04  4.946E+04  1.135E+05
     4.444  5.508E+04  3.895E+04  4.558E+05  3.612E+04  5.311E+04  1.225E+05
     4.327  5.920E+04  4.187E+04  4.938E+05  3.876E+04  5.705E+04  1.323E+05
     4.213  6.363E+04  4.502E+04  5.351E+05  4.162E+04  6.130E+04  1.429E+05
     4.102  6.839E+04  4.843E+04  5.798E+05  4.471E+04  6.588E+04  1.544E+05
     3.994  7.351E+04  5.210E+04  6.284E+05  4.803E+04  7.083E+04  1.669E+05
     3.889  7.902E+04  5.606E+04  6.812E+05  5.162E+04  7.617E+04  1.804E+05
     3.786  8.495E+04  6.035E+04  7.385E+05  5.549E+04  8.194E+04  1.950E+05
     3.686  9.132E+04  6.497E+04  8.007E+05  5.967E+04  8.817E+04  2.109E+05
     3.589  9.818E+04  6.996E+04  8.684E+05  6.418E+04  9.488E+04  2.281E+05
     3.495  1.056E+05  7.534E+04  9.419E+05  6.905E+04  1.021E+05  2.468E+05
     3.403  1.135E+05  8.117E+04  1.022E+06  7.431E+04  1.100E+05  2.671E+05
     3.313  1.221E+05  8.745E+04  1.109E+06  7.998E+04  1.185E+05  2.891E+05
     3.226  1.312E+05  9.425E+04  1.203E+06  8.610E+04  1.276E+05  3.131E+05
     3.141  1.411E+05  1.016E+05  1.306E+06  9.272E+04  1.375E+05  3.392E+05
     3.058  1.518E+05  1.095E+05  1.417E+06  9.986E+04  1.482E+05  3.676E+05
     2.978  1.633E+05  1.181E+05  1.539E+06  1.076E+05  1.598E+05  3.983E+05
     2.899  1.756E+05  1.273E+05  1.671E+06  1.159E+05  1.722E+05  4.318E+05
     2.823  1.889E+05  1.373E+05  1.814E+06  1.249E+05  1.857E+05  4.681E+05
     2.749  2.032E+05  1.482E+05  1.971E+06  1.346E+05  2.003E+05  5.075E+05
     2.676  2.186E+05  1.599E+05  2.141E+06  1.452E+05  2.161E+05  5.503E+05
     2.606  2.352E+05  1.725E+05  2.326E+06  1.565E+05  2.331E+05  5.967E+05
     2.537  2.531E+05  1.861E+05  2.527E+06  1.688E+05  2.516E+05  6.472E+05
     2.470  3.161E+04  2.009E+05  2.747E+06  1.820E+05  2.715E+05  7.021E+05
     2.405  3.375E+04  2.169E+05  2.985E+06  1.964E+05  2.930E+05  7.617E+05
     2.342  3.605E+04  2.342E+05  3.245E+06  2.119E+05  3.163E+05  8.265E+05
     2.280  3.853E+04  2.528E+05  3.529E+06  2.286E+05  3.415E+05  8.968E+05
     2.220  4.121E+04  2.731E+05  3.836E+06  2.467E+05  3.688E+05  9.733E+05
     2.162  4.409E+04  2.949E+05  4.172E+06  2.663E+05  3.983E+05  1.056E+06
     2.105  4.720E+04  3.185E+05  4.539E+06  2.874E+05  4.301E+05  1.147E+06
     2.049  5.056E+04  3.441E+05  4.937E+06  3.103E+05  4.647E+05  1.245E+06
     1.995  5.417E+04  3.718E+05  5.372E+06  3.351E+05  5.020E+05  1.352E+06
     1.943  5.806E+04  4.017E+05  5.845E+06  3.619E+05  5.424E+05  1.468E+06
     1.892  6.227E+04  4.341E+05  6.362E+06  3.908E+05  5.861E+05  1.595E+06
     1.842  6.680E+04  4.691E+05  6.924E+06  4.221E+05  6.335E+05  1.733E+06
     1.793  7.169E+04  5.071E+05  7.540E+06  4.560E+05  6.847E+05  1.882E+06
     1.746  7.697E+04  5.481E+05  8.208E+06  4.927E+05  7.402E+05  2.045E+06
     1.700  8.266E+04  5.926E+05  8.938E+06  5.323E+05  8.002E+05  2.223E+06
     1.655  8.880E+04  6.407E+05  9.737E+06  5.753E+05  8.652E+05  2.416E+06
     1.612  9.543E+04  6.928E+05  1.060E+07  6.217E+05  9.356E+05  2.626E+06
     1.569  1.026E+05  7.492E+05  1.155E+07  6.720E+05  1.012E+06  2.855E+06
     1.528  1.103E+05  8.102E+05  1.260E+07  7.264E+05  1.094E+06  3.104E+06
     1.488  1.186E+05  8.763E+05  1.373E+07  7.853E+05  1.184E+06  3.375E+06
     1.449  1.276E+05  9.480E+05  1.497E+07  8.490E+05  1.280E+06  3.671E+06
     1.410  1.374E+05  1.026E+06  1.632E+07  9.181E+05  1.385E+06  3.993E+06
     1.373  1.478E+05  1.110E+06  1.779E+07  9.928E+05  1.499E+06  4.344E+06
     1.337  1.592E+05  1.201E+06  1.940E+07  1.074E+06  1.622E+06  4.727E+06
     1.302  1.714E+05  1.299E+06  2.116E+07  1.161E+06  1.755E+06  5.143E+06
     1.268  1.846E+05  1.406E+06  2.311E+07  1.256E+06  1.900E+06  5.598E+06
     1.234  2.010E+05  1.509E+06  2.538E+07  1.351E+06  2.047E+06  6.143E+06
     1.202  2.185E+05  1.622E+06  2.787E+07  1.455E+06  2.208E+06  6.732E+06
     1.170  2.355E+05  1.756E+06  3.045E+07  1.574E+06  2.390E+06  7.332E+06
     1.139  2.538E+05  1.901E+06  3.322E+07  1.703E+06  2.588E+06  7.981E+06
     1.109  2.737E+05  2.059E+06  3.624E+07  1.844E+06  2.802E+06  8.692E+06
     1.080  2.951E+05  2.229E+06  3.966E+07  1.995E+06  3.034E+06  9.467E+06
     1.052  3.183E+05  2.414E+06  4.324E+07  2.160E+06  3.287E+06  1.032E+07
     1.024  3.433E+05  2.615E+06  4.726E+07  2.338E+06  3.560E+06  1.124E+07
     0.997  3.705E+05  2.833E+06  5.162E+07  2.532E+06  3.856E+06  1.225E+07
     0.971  3.997E+05  3.068E+06  5.649E+07  2.741E+06  4.178E+06  1.335E+07
     0.945  4.314E+05  3.324E+06  6.168E+07  2.969E+06  4.527E+06  1.455E+07
     0.920  4.657E+05  3.602E+06  6.738E+07  3.215E+06  4.905E+06  1.586E+07
     0.896  5.027E+05  3.904E+06  7.391E+07  3.482E+06  5.315E+06  1.728E+07
     0.872  5.428E+05  4.231E+06  8.066E+07  3.772E+06  5.761E+06  1.885E+07
     0.849  5.862E+05  4.586E+06  8.830E+07  4.088E+06  6.246E+06  2.053E+07
     0.827  6.331E+05  4.972E+06  9.642E+07  4.429E+06  6.770E+06  2.240E+07
     0.805  6.838E+05  5.391E+06  1.055E+08  4.798E+06  7.339E+06  2.442E+07
     0.784  7.387E+05  5.847E+06  1.157E+08  5.200E+06  7.958E+06  2.663E+07
     0.763  7.981E+05  6.340E+06  1.261E+08  5.637E+06  8.630E+06  2.908E+07
     0.743  8.625E+05  6.878E+06  1.387E+08  6.111E+06  9.362E+06  3.171E+07
     0.724  9.320E+05  7.463E+06  1.511E+08  6.626E+06  1.016E+07  3.459E+07
     0.705  1.007E+06  8.097E+06  1.645E+08  7.185E+06  1.102E+07  3.770E+07
     0.686  1.089E+06  8.788E+06  1.804E+08  7.792E+06  1.195E+07  4.112E+07
     0.668  1.177E+06  9.537E+06  1.974E+08  8.451E+06  1.297E+07  4.486E+07
     0.650  1.273E+06  1.036E+07  2.151E+08  9.167E+06  1.407E+07  4.891E+07
     0.633  1.376E+06  1.124E+07  2.363E+08  9.950E+06  1.528E+07  5.343E+07
     0.617  1.488E+06  1.222E+07  2.581E+08  1.080E+07  1.659E+07  5.825E+07
     0.600  1.609E+06  1.327E+07  2.796E+08  1.172E+07  1.802E+07  6.355E+07
     0.585  1.741E+06  1.441E+07  3.107E+08  1.272E+07  1.955E+07  6.933E+07
     0.569  1.883E+06  1.566E+07  3.355E+08  1.381E+07  2.124E+07  7.557E+07
     0.554  2.037E+06  1.701E+07  3.728E+08  1.499E+07  2.308E+07  8.265E+07
     0.540  2.204E+06  1.848E+07  4.092E+08  1.627E+07  2.504E+07  8.972E+07
     0.525  2.385E+06  2.009E+07  4.415E+08  1.768E+07  2.719E+07  9.811E+07
     0.512  2.581E+06  2.182E+07  4.934E+08  1.920E+07  2.954E+07  1.069E+08
     0.498  2.793E+06  2.373E+07  5.412E+08  2.084E+07  3.208E+07  1.165E+08
     0.485  3.022E+06  2.577E+07  5.785E+08  2.264E+07  3.488E+07  1.271E+08
     0.472  3.272E+06  2.801E+07  6.453E+08  2.460E+07  3.787E+07  1.387E+08
     0.460  3.541E+06  3.045E+07  6.991E+08  2.671E+07  4.122E+07  1.511E+08
     0.448  3.834E+06  3.309E+07  7.626E+08  2.903E+07  4.474E+07  1.645E+08
     0.436  4.151E+06  3.600E+07  8.389E+08  3.154E+07  4.863E+07  1.804E+08
     0.424  4.495E+06  3.911E+07  9.321E+08  3.424E+07  5.292E+07  1.951E+08
     0.413  4.868E+06  4.258E+07  9.869E+08  3.720E+07  5.746E+07  2.124E+08
