 1240 lines : MEGS A1 responsivity (electrons / photons) : includes Filter transmission & CCD response
 3 columns : Wavelength (nm), A1-Primay Filter (187 Zr/ 65 C),  A1-Second Order Filter (116 Zr/ 133 Si/ 87 C)
    0.0500000      14.9076      14.9348
     0.150000      128.946      129.446
     0.250000      289.512      293.833
     0.350000      392.400      406.314
     0.450000      395.729      421.837
     0.550000      385.496      401.866
     0.650000      411.771      389.629
     0.750000      130.739      136.772
     0.850000      142.045      150.804
     0.950000      143.790      155.276
      1.05000      140.223      154.324
      1.15000      132.354      148.741
      1.25000      119.870      137.226
      1.35000      105.463      124.227
      1.45000      88.6151      108.611
      1.55000      74.1754      93.8604
      1.65000      61.1435      79.6959
      1.75000      50.3802      67.7853
      1.85000      41.2123      57.3591
      1.95000      33.3374      48.0152
      2.05000      27.3056      40.3510
      2.15000      22.2188      33.6424
      2.25000      18.1314      28.1111
      2.35000      15.1257      23.9485
      2.45000      12.7795      20.4383
      2.55000      10.8480      17.4670
      2.65000      9.15668      14.8280
      2.75000      7.75591      12.6175
      2.85000      6.53444      10.7000
      2.95000      5.45966      8.99911
      3.05000      4.68878      7.68174
      3.15000      4.02893      6.54196
      3.25000      3.48229      5.58412
      3.35000      3.06265      4.81736
      3.45000      2.72382      4.17549
      3.55000      2.42589      3.61276
      3.65000      2.16746      3.12384
      3.75000      1.94517      2.70545
      3.85000      1.76753      2.35821
      3.95000      1.64545      2.08148
      4.05000      1.53411      1.83432
      4.15000      1.44524      1.62251
      4.25000      1.37047      1.44234
      4.35000      1.84751      2.06845
      4.45000      2.38800      2.75944
      4.55000      2.34095      2.55730
      4.65000      2.29556      2.36635
      4.75000      2.30380      2.22446
      4.85000      2.34452      2.10776
      4.95000      2.39006      1.99718
      5.05000      2.42424      1.88169
      5.15000      2.44753      1.76282
      5.25000      2.52061      1.66843
      5.35000      2.62728      1.58911
      5.45000      2.76466      1.52202
      5.55000      2.97184      1.47325
      5.65000      3.27109      1.44393
      5.75000      3.68725      1.43873
      5.85000      4.26858      1.45204
      5.95000      4.98973      1.47768
      6.05000      5.94428      1.52306
      6.15000      7.32484      1.58996
      6.25000      8.85248      1.65783
      6.35000      10.3728      1.66733
      6.45000      11.8262      1.65381
      6.55000      13.1833      1.60709
      6.65000      14.0865      1.51981
      6.75000      14.7737      1.41322
      6.85000      14.8882      1.31007
      6.95000      14.9245      1.20871
      7.05000      14.7892      1.12632
      7.15000      14.6189      1.04744
      7.25000      14.3012     0.983371
      7.35000      14.0627     0.934923
      7.45000      14.0470     0.930479
      7.55000      13.9995     0.926060
      7.65000      13.8699     0.921710
      7.75000      13.7487     0.917348
      7.85000      13.6530     0.912950
      7.95000      13.5639     0.908275
      8.05000      13.5092     0.902135
      8.15000      13.4543     0.895537
      8.25000      13.3687     0.845782
      8.35000      13.2831     0.796027
      8.45000      13.1765     0.747088
      8.55000      13.0650     0.698339
      8.65000      12.9313     0.652216
      8.75000      12.7787     0.608320
      8.85000      12.6225     0.569852
      8.95000      12.4536     0.550498
      9.05000      12.2847     0.531144
      9.15000      12.0578     0.517868
      9.25000      11.8191     0.505818
      9.35000      11.5957     0.501988
      9.45000      11.3970     0.511539
      9.55000      11.1983     0.521090
      9.65000      11.0577     0.535720
      9.75000      10.9266     0.551184
      9.85000      10.7986     0.572296
      9.95000      10.6786     0.608311
      10.0500      10.5586     0.644326
      10.1500      10.4452     0.701828
      10.2500      10.3358     0.772899
      10.3500      10.2264     0.843970
      10.4500      10.1206     0.927873
      10.5500      10.0153      1.01337
      10.6500      9.91083      1.09952
      10.7500      9.81540      1.19240
      10.8500      9.71996      1.28528
      10.9500      9.62185      1.37080
      11.0500      9.51353      1.42824
      11.1500      9.40521      1.48569
      11.2500      9.29455      1.54209
      11.3500      9.17681      1.59534
      11.4500      9.05906      1.64859
      11.5500      8.95227      1.70338
      11.6500      8.88638      1.76394
      11.7500      8.82049      1.82450
      11.8500      8.75563      1.88509
      11.9500      8.70049      1.94591
      12.0500      8.64535      2.00674
      12.1500      8.59021      2.06757
      12.2500      8.52875      2.12480
      12.3500      8.46650      2.18159
      12.4500      8.40425      2.23838
      12.5500      8.37346      3.23976
      12.6500      8.36314      4.85584
      12.7500      8.35282      6.47191
      12.8500      8.31262      7.68442
      12.9500      8.17106      7.52854
      13.0500      8.02950      7.37267
      13.1500      7.88794      7.21679
      13.2500      7.75103      7.07071
      13.3500      7.61560      6.92774
      13.4500      7.48016      6.78477
      13.5500      7.34252      6.64163
      13.6500      7.19576      6.49775
      13.7500      7.04900      6.35386
      13.8500      6.90225      6.20998
      13.9500      6.73908      6.05887
      14.0500      6.56170      5.90150
      14.1500      6.38432      5.74413
      14.2500      6.20693      5.58677
      14.3500      6.03347      5.43436
      14.4500      5.86113      5.28337
      14.5500      5.68879      5.13238
      14.6500      5.51644      4.98139
      14.7500      5.34659      4.83239
      14.8500      5.17696      4.68357
      14.9500      5.00733      4.53476
      15.0500      4.83770      4.38594
      15.1500      4.67321      4.24446
      15.2500      4.50898      4.10335
      15.3500      4.34474      3.96223
      15.4500      4.18051      3.82112
      15.5500      4.03336      3.69832
      15.6500      3.88854      3.57803
      15.7500      3.74373      3.45774
      15.8500      3.59891      3.33746
      15.9500      3.46885      3.23025
      16.0500      3.34514      3.12868
      16.1500      3.22144      3.02712
      16.2500      3.09774      2.92556
      16.3500      2.97802      2.82669
      16.4500      2.86419      2.73180
      16.5500      2.75037      2.63692
      16.6500      2.63655      2.54203
      16.7500      2.52273      2.44715
      16.8500      2.41753      2.35721
      16.9500      2.31240      2.26732
      17.0500      2.20728      2.17742
      17.1500      2.10216      2.08753
      17.2500      1.99872      1.99999
      17.3500      1.89726      1.91521
      17.4500      1.79580      1.83042
      17.5500      1.69435      1.74564
      17.6500      1.59289      1.66086
      17.7500      1.50355      1.58558
      17.8500      1.41707      1.51255
      17.9500      1.33059      1.43952
      18.0500      1.24411      1.36649
      18.1500      1.15814      1.29379
      18.2500      1.08905      1.23194
      18.3500      1.01996      1.17009
      18.4500     0.950865      1.10823
      18.5500     0.881772      1.04638
      18.6500     0.814614     0.985821
      18.7500     0.761507     0.934629
      18.8500     0.708399     0.883438
      18.9500     0.655292     0.832246
      19.0500     0.602185     0.781054
      19.1500     0.550242     0.730725
      19.2500     0.511878     0.690458
      19.3500     0.473514     0.650191
      19.4500     0.435150     0.609924
      19.5500     0.396786     0.569657
      19.6500     0.358422     0.529391
      19.7500     0.331072     0.498029
      19.8500     0.304903     0.467622
      19.9500     0.278733     0.437215
      20.0500     0.252563     0.406808
      20.1500     0.226394     0.376401
      20.2500     0.205771     0.351109
      20.3500     0.189089     0.329452
      20.4500     0.172407     0.307794
      20.5500     0.155726     0.286136
      20.6500     0.139044     0.264479
      20.7500     0.123165     0.243609
      20.8500     0.113007     0.228358
      20.9500     0.102850     0.213106
      21.0500    0.0926927     0.197855
      21.1500    0.0825353     0.182603
      21.2500    0.0723780     0.167352
      21.3500    0.0643904     0.154382
      21.4500    0.0584453     0.143560
      21.5500    0.0525003     0.132737
      21.6500    0.0465552     0.121915
      21.7500    0.0406102     0.111093
      21.8500    0.0346651     0.100270
      21.9500    0.0308510    0.0922601
      22.0500    0.0277327    0.0851680
      22.1500    0.0246144    0.0780759
      22.2500    0.0214962    0.0709839
      22.3500    0.0183779    0.0638918
      22.4500    0.0152596    0.0567997
      22.5500    0.0135407    0.0520914
      22.6500    0.0120897    0.0478394
      22.7500    0.0106386    0.0435874
      22.8500   0.00918760    0.0393354
      22.9500   0.00773657    0.0350834
      23.0500   0.00628554    0.0308314
      23.1500   0.00546741    0.0279492
      23.2500   0.00484980    0.0255011
      23.3500   0.00423218    0.0230530
      23.4500   0.00361456    0.0206049
      23.5500   0.00299695    0.0181568
      23.6500   0.00237933    0.0157086
      23.7500   0.00196405    0.0138721
      23.8500   0.00173699    0.0126044
      23.9500   0.00150993    0.0113367
      24.0500   0.00128288    0.0100691
      24.1500   0.00105582   0.00880139
      24.2500  0.000828767   0.00753373
      24.3500  0.000619090   0.00634173
      24.4500  0.000548073   0.00575345
      24.5500  0.000477056   0.00516517
      24.6500  0.000406038   0.00457690
      24.7500  0.000335021   0.00398862
      24.8500  0.000264004   0.00340034
      24.9500  0.000192987   0.00281207
      25.0500  0.000149494   0.00240497
      25.1500  0.000130884   0.00216169
      25.2500  0.000112275   0.00191840
      25.3500  9.36658e-05   0.00167511
      25.4500  7.50565e-05   0.00143182
      25.5500  5.64473e-05   0.00118854
      25.6500  3.78380e-05  0.000945250
      25.7500  3.03948e-05  0.000820435
      25.8500  2.63965e-05  0.000732172
      25.9500  2.23982e-05  0.000643909
      26.0500  1.84000e-05  0.000555646
      26.1500  1.44017e-05  0.000467384
      26.2500  1.04034e-05  0.000379121
      26.3500  6.40517e-06  0.000290858
      26.4500  5.12896e-06  0.000251914
      26.5500  4.43500e-06  0.000223519
      26.6500  3.74104e-06  0.000195124
      26.7500  3.04707e-06  0.000166729
      26.8500  2.35311e-06  0.000138334
      26.9500  1.65915e-06  0.000109939
      27.0500  9.65184e-07  8.15435e-05
      27.1500  6.87935e-07  6.74275e-05
      27.2500  5.95244e-07  5.96355e-05
      27.3500  5.02552e-07  5.18435e-05
      27.4500  4.09861e-07  4.40515e-05
      27.5500  3.17169e-07  3.62595e-05
      27.6500  2.24478e-07  2.84675e-05
      27.7500  1.31786e-07  2.06755e-05
      27.8500  6.97057e-08  1.51055e-05
      27.9500  6.07143e-08  1.33889e-05
      28.0500  5.17229e-08  1.16723e-05
      28.1500  4.27315e-08  9.95569e-06
      28.2500  3.37401e-08  8.23910e-06
      28.3500  2.47487e-08  6.52251e-06
      28.4500  1.57573e-08  4.80592e-06
      28.5500  6.76593e-09  3.08933e-06
      28.6500  4.83990e-09  2.59129e-06
      28.7500  4.24291e-09  2.32246e-06
      28.8500  3.64592e-09  2.05364e-06
      28.9500  3.04894e-09  1.78481e-06
      29.0500  2.45195e-09  1.51599e-06
      29.1500  1.85497e-09  1.24716e-06
      29.2500  1.25798e-09  9.78338e-07
      29.3500  7.21417e-10  7.33612e-07
      29.4500  6.51563e-10  6.75027e-07
      29.5500  5.81709e-10  6.16443e-07
      29.6500  5.11855e-10  5.57858e-07
      29.7500  4.42001e-10  4.99274e-07
      29.8500  3.72147e-10  4.40690e-07
      29.9500  3.02293e-10  3.82105e-07
      30.0500  2.32439e-10  3.23521e-07
      30.1500  1.74913e-10  2.74584e-07
      30.2500  1.71665e-10  2.68125e-07
      30.3500  1.68416e-10  2.61667e-07
      30.4500  1.65168e-10  2.55208e-07
      30.5500  1.61920e-10  2.48749e-07
      30.6500  1.58671e-10  2.42290e-07
      30.7500  1.55423e-10  2.35831e-07
      30.8500  1.52174e-10  2.29372e-07
      30.9500  1.48971e-10  2.22978e-07
      31.0500  1.47146e-10  2.18578e-07
      31.1500  1.45321e-10  2.14179e-07
      31.2500  1.43496e-10  2.09779e-07
      31.3500  1.41671e-10  2.05379e-07
      31.4500  1.39846e-10  2.00980e-07
      31.5500  1.38021e-10  1.96580e-07
      31.6500  1.36196e-10  1.92180e-07
      31.7500  1.34371e-10  1.87781e-07
      31.8500  1.40722e-10  1.89618e-07
      31.9500  1.51269e-10  1.94658e-07
      32.0500  1.61816e-10  1.99697e-07
      32.1500  1.72363e-10  2.04736e-07
      32.2500  1.82910e-10  2.09776e-07
      32.3500  1.93457e-10  2.14815e-07
      32.4500  2.04005e-10  2.19854e-07
      32.5500  2.14552e-10  2.24893e-07
      32.6500  2.26009e-10  2.30201e-07
      32.7500  2.50430e-10  2.39335e-07
      32.8500  2.74852e-10  2.48468e-07
      32.9500  2.99273e-10  2.57602e-07
      33.0500  3.23695e-10  2.66735e-07
      33.1500  3.48117e-10  2.75869e-07
      33.2500  3.72538e-10  2.85003e-07
      33.3500  3.96960e-10  2.94136e-07
      33.4500  4.21381e-10  3.03270e-07
      33.5500  4.54117e-10  3.13935e-07
      33.6500  5.13538e-10  3.29518e-07
      33.7500  5.72960e-10  3.45100e-07
      33.8500  6.32381e-10  3.60683e-07
      33.9500  6.91802e-10  3.76266e-07
      34.0500  7.51223e-10  3.91848e-07
      34.1500  8.10644e-10  4.07431e-07
      34.2500  8.70066e-10  4.23014e-07
      34.3500  9.29487e-10  4.38596e-07
      34.4500  1.02697e-09  4.59654e-07
      34.5500  1.31352e-09  5.07911e-07
      34.6500  1.60008e-09  5.56169e-07
      34.7500  1.88663e-09  6.04426e-07
      34.8500  2.17318e-09  6.52683e-07
      34.9500  2.45974e-09  7.00940e-07
      35.0500  2.74629e-09  7.49198e-07
      35.1500  3.03285e-09  7.97455e-07
      35.2500  3.31940e-09  8.45712e-07
      35.3500  3.60595e-09  8.93970e-07
      35.4500  4.47318e-09  9.74704e-07
      35.5500  5.43830e-09  1.06091e-06
      35.6500  6.40342e-09  1.14712e-06
      35.7500  7.36854e-09  1.23333e-06
      35.8500  8.33365e-09  1.31954e-06
      35.9500  9.29877e-09  1.40575e-06
      36.0500  1.02639e-08  1.49196e-06
      36.1500  1.12290e-08  1.57816e-06
      36.2500  1.21941e-08  1.66437e-06
      36.3500  1.36812e-08  1.76390e-06
      36.4500  1.64311e-08  1.89563e-06
      36.5500  1.91810e-08  2.02736e-06
      36.6500  2.19309e-08  2.15910e-06
      36.7500  2.46808e-08  2.29083e-06
      36.8500  2.74308e-08  2.42257e-06
      36.9500  3.01807e-08  2.55430e-06
      37.0500  3.29306e-08  2.68603e-06
      37.1500  3.56805e-08  2.81777e-06
      37.2500  3.84304e-08  2.94950e-06
      37.3500  4.31291e-08  3.10542e-06
      37.4500  5.00503e-08  3.28891e-06
      37.5500  5.69715e-08  3.47240e-06
      37.6500  6.38927e-08  3.65589e-06
      37.7500  7.08139e-08  3.83938e-06
      37.8500  7.77351e-08  4.02287e-06
      37.9500  8.46563e-08  4.20636e-06
      38.0500  9.15775e-08  4.38985e-06
      38.1500  9.84987e-08  4.57335e-06
      38.2500  1.05420e-07  4.75684e-06
      38.3500  1.15562e-07  4.95749e-06
      38.4500  1.30962e-07  5.18615e-06
      38.5500  1.46362e-07  5.41481e-06
      38.6500  1.61762e-07  5.64347e-06
      38.7500  1.77162e-07  5.87213e-06
      38.8500  1.92562e-07  6.10079e-06
      38.9500  2.07963e-07  6.32945e-06
      39.0500  2.23363e-07  6.55811e-06
      39.1500  2.38763e-07  6.78677e-06
      39.2500  2.54163e-07  7.01543e-06
      39.3500  2.69857e-07  7.24462e-06
      39.4500  3.00416e-07  7.50097e-06
      39.5500  3.30975e-07  7.75731e-06
      39.6500  3.61534e-07  8.01366e-06
      39.7500  3.92093e-07  8.27001e-06
      39.8500  4.22652e-07  8.52635e-06
      39.9500  4.53211e-07  8.78270e-06
      40.0500  4.83770e-07  9.03904e-06
      40.1500  5.14330e-07  9.29539e-06
      40.2500  5.44889e-07  9.55173e-06
      40.3500  5.75448e-07  9.80808e-06
      40.4500  6.14324e-07  1.00565e-05
      40.5500  6.67182e-07  1.02917e-05
      40.6500  7.20039e-07  1.05269e-05
      40.7500  7.72896e-07  1.07621e-05
      40.8500  8.25753e-07  1.09973e-05
      40.9500  8.78611e-07  1.12325e-05
      41.0500  9.31468e-07  1.14677e-05
      41.1500  9.84325e-07  1.17029e-05
      41.2500  1.03718e-06  1.19381e-05
      41.3500  1.09004e-06  1.21733e-05
      41.4500  1.14290e-06  1.24085e-05
      41.5500  1.20083e-06  1.25890e-05
      41.6500  1.26520e-06  1.26998e-05
      41.7500  1.32957e-06  1.28107e-05
      41.8500  1.39395e-06  1.29216e-05
      41.9500  1.45832e-06  1.30325e-05
      42.0500  1.52269e-06  1.31434e-05
      42.1500  1.58706e-06  1.32542e-05
      42.2500  1.65144e-06  1.33651e-05
      42.3500  1.71581e-06  1.34760e-05
      42.4500  1.78018e-06  1.35869e-05
      42.5500  1.84456e-06  1.36978e-05
      42.6500  1.91280e-06  1.37948e-05
      42.7500  1.99578e-06  1.38394e-05
      42.8500  2.07875e-06  1.38839e-05
      42.9500  2.16173e-06  1.39284e-05
      43.0500  2.24471e-06  1.39729e-05
      43.1500  2.32768e-06  1.40174e-05
      43.2500  2.41066e-06  1.40619e-05
      43.3500  2.49364e-06  1.41064e-05
      43.4500  2.57662e-06  1.41510e-05
      43.5500  2.65959e-06  1.41955e-05
      43.6500  2.74257e-06  1.42400e-05
      43.7500  2.82555e-06  1.42845e-05
      43.8500  2.91990e-06  1.42867e-05
      43.9500  3.01933e-06  1.42699e-05
      44.0500  3.11877e-06  1.42531e-05
      44.1500  3.21820e-06  1.42364e-05
      44.2500  3.31763e-06  1.42196e-05
      44.3500  3.41707e-06  1.42028e-05
      44.4500  3.51650e-06  1.41861e-05
      44.5500  3.61594e-06  1.41693e-05
      44.6500  3.71537e-06  1.41526e-05
      44.7500  3.81480e-06  1.41358e-05
      44.8500  3.91424e-06  1.41190e-05
      44.9500  4.01367e-06  1.41023e-05
      45.0500  4.10135e-06  1.40071e-05
      45.1500  4.18686e-06  1.38974e-05
      45.2500  4.27237e-06  1.37878e-05
      45.3500  4.35788e-06  1.36782e-05
      45.4500  4.44339e-06  1.35685e-05
      45.5500  4.52890e-06  1.34589e-05
      45.6500  4.61441e-06  1.33493e-05
      45.7500  4.69993e-06  1.32396e-05
      45.8500  4.78544e-06  1.31300e-05
      45.9500  4.87095e-06  1.30204e-05
      46.0500  4.95646e-06  1.29108e-05
      46.1500  5.04197e-06  1.28011e-05
      46.2500  5.10312e-06  1.26462e-05
      46.3500  5.15299e-06  1.24704e-05
      46.4500  5.20287e-06  1.22945e-05
      46.5500  5.25274e-06  1.21186e-05
      46.6500  5.30262e-06  1.19428e-05
      46.7500  5.35249e-06  1.17669e-05
      46.8500  5.40236e-06  1.15911e-05
      46.9500  5.45224e-06  1.14152e-05
      47.0500  5.50211e-06  1.12394e-05
      47.1500  5.55198e-06  1.10635e-05
      47.2500  5.60186e-06  1.08876e-05
      47.3500  5.65173e-06  1.07118e-05
      47.4500  5.68614e-06  1.05280e-05
      47.5500  5.65527e-06  1.03105e-05
      47.6500  5.62440e-06  1.00930e-05
      47.7500  5.59352e-06  9.87557e-06
      47.8500  5.56265e-06  9.65811e-06
      47.9500  5.53178e-06  9.44065e-06
      48.0500  5.50091e-06  9.22318e-06
      48.1500  5.47004e-06  9.00572e-06
      48.2500  5.43916e-06  8.78826e-06
      48.3500  5.40829e-06  8.57080e-06
      48.4500  5.37742e-06  8.35334e-06
      48.5500  5.34655e-06  8.13587e-06
      48.6500  5.31568e-06  7.91841e-06
      48.7500  5.25573e-06  7.69774e-06
      48.8500  5.14603e-06  7.47156e-06
      48.9500  5.03634e-06  7.24538e-06
      49.0500  4.92664e-06  7.01920e-06
      49.1500  4.81695e-06  6.79302e-06
      49.2500  4.70725e-06  6.56684e-06
      49.3500  4.59756e-06  6.34066e-06
      49.4500  4.48786e-06  6.11448e-06
      49.5500  4.37817e-06  5.88831e-06
      49.6500  4.26847e-06  5.66213e-06
      49.7500  4.15878e-06  5.43595e-06
      49.8500  4.04908e-06  5.20977e-06
      49.9500  3.93939e-06  4.98359e-06
      50.0500  3.83134e-06  4.76953e-06
      50.1500  3.73095e-06  4.61175e-06
      50.2500  3.63057e-06  4.45398e-06
      50.3500  3.53018e-06  4.29621e-06
      50.4500  3.42979e-06  4.13843e-06
      50.5500  3.32940e-06  3.98066e-06
      50.6500  3.22901e-06  3.82289e-06
      50.7500  3.12863e-06  3.66511e-06
      50.8500  3.02824e-06  3.50734e-06
      50.9500  2.92785e-06  3.34957e-06
      51.0500  2.82746e-06  3.19179e-06
      51.1500  2.72708e-06  3.03402e-06
      51.2500  2.62669e-06  2.87625e-06
      51.3500  2.52630e-06  2.71847e-06
      51.4500  2.44070e-06  2.60073e-06
      51.5500  2.36284e-06  2.50399e-06
      51.6500  2.28499e-06  2.40724e-06
      51.7500  2.20713e-06  2.31049e-06
      51.8500  2.12928e-06  2.21375e-06
      51.9500  2.05142e-06  2.11700e-06
      52.0500  1.97357e-06  2.02025e-06
      52.1500  1.89571e-06  1.92350e-06
      52.2500  1.81786e-06  1.82676e-06
      52.3500  1.74000e-06  1.73001e-06
      52.4500  1.66215e-06  1.63326e-06
      52.5500  1.58429e-06  1.53652e-06
      52.6500  1.50644e-06  1.43977e-06
      52.7500  1.42858e-06  1.34302e-06
      52.8500  1.37671e-06  1.28340e-06
      52.9500  1.33279e-06  1.23513e-06
      53.0500  1.28886e-06  1.18686e-06
      53.1500  1.24494e-06  1.13859e-06
      53.2500  1.20101e-06  1.09032e-06
      53.3500  1.15708e-06  1.04205e-06
      53.4500  1.11316e-06  9.93777e-07
      53.5500  1.06923e-06  9.45506e-07
      53.6500  1.02531e-06  8.97235e-07
      53.7500  9.81382e-07  8.48964e-07
      53.8500  9.37456e-07  8.00693e-07
      53.9500  8.93531e-07  7.52421e-07
      54.0500  8.49605e-07  7.04150e-07
      54.1500  8.05679e-07  6.55879e-07
      54.2500  7.71426e-07  6.20461e-07
      54.3500  7.47504e-07  5.98770e-07
      54.4500  7.23581e-07  5.77079e-07
      54.5500  6.99658e-07  5.55387e-07
      54.6500  6.75736e-07  5.33696e-07
      54.7500  6.51813e-07  5.12005e-07
      54.8500  6.27890e-07  4.90314e-07
      54.9500  6.03968e-07  4.68622e-07
      55.0500  5.80045e-07  4.46931e-07
      55.1500  5.56122e-07  4.25240e-07
      55.2500  5.32200e-07  4.03548e-07
      55.3500  5.08277e-07  3.81857e-07
      55.4500  4.84354e-07  3.60166e-07
      55.5500  4.60432e-07  3.38475e-07
      55.6500  4.36509e-07  3.16783e-07
      55.7500  4.21286e-07  3.04116e-07
      55.8500  4.07821e-07  2.93273e-07
      55.9500  3.94357e-07  2.82430e-07
      56.0500  3.80892e-07  2.71587e-07
      56.1500  3.67428e-07  2.60744e-07
      56.2500  3.53963e-07  2.49901e-07
      56.3500  3.40498e-07  2.39058e-07
      56.4500  3.27034e-07  2.28215e-07
      56.5500  3.13569e-07  2.17372e-07
      56.6500  3.00105e-07  2.06529e-07
      56.7500  2.86640e-07  1.95686e-07
      56.8500  2.73175e-07  1.84843e-07
      56.9500  2.59711e-07  1.74000e-07
      57.0500  2.46246e-07  1.63157e-07
      57.1500  2.32782e-07  1.52314e-07
      57.2500  2.24034e-07  1.45597e-07
      57.3500  2.16763e-07  1.40169e-07
      57.4500  2.09491e-07  1.34742e-07
      57.5500  2.02219e-07  1.29315e-07
      57.6500  1.94947e-07  1.23887e-07
      57.7500  1.87675e-07  1.18460e-07
      57.8500  1.80403e-07  1.13033e-07
      57.9500  1.73132e-07  1.07605e-07
      58.0500  1.65860e-07  1.02178e-07
      58.1500  1.58588e-07  9.67507e-08
      58.2500  1.51316e-07  9.13233e-08
      58.3500  1.44044e-07  8.58960e-08
      58.4500  1.36772e-07  8.04687e-08
      58.5500  1.29500e-07  7.50414e-08
      58.6500  1.22229e-07  6.96141e-08
      58.7500  1.15929e-07  6.50475e-08
      58.8500  1.11914e-07  6.25048e-08
      58.9500  1.07899e-07  5.99621e-08
      59.0500  1.03884e-07  5.74194e-08
      59.1500  9.98685e-08  5.48767e-08
      59.2500  9.58534e-08  5.23340e-08
      59.3500  9.18384e-08  4.97913e-08
      59.4500  8.78234e-08  4.72486e-08
      59.5500  8.38084e-08  4.47059e-08
      59.6500  7.97933e-08  4.21632e-08
      59.7500  7.57783e-08  3.96205e-08
      59.8500  7.17633e-08  3.70778e-08
      59.9500  6.77483e-08  3.45351e-08
      60.0500  6.37332e-08  3.19924e-08
      60.1500  5.97182e-08  2.94497e-08
      60.2500  5.57032e-08  2.69070e-08
      60.3500  5.26339e-08  2.50371e-08
      60.4500  5.08940e-08  2.41129e-08
      60.5500  4.91540e-08  2.31886e-08
      60.6500  4.74141e-08  2.22644e-08
      60.7500  4.56741e-08  2.13401e-08
      60.8500  4.39342e-08  2.04159e-08
      60.9500  4.21942e-08  1.94916e-08
      61.0500  4.04542e-08  1.85674e-08
      61.1500  3.87143e-08  1.76432e-08
      61.2500  3.69743e-08  1.67189e-08
      61.3500  3.52344e-08  1.57947e-08
      61.4500  3.34944e-08  1.48704e-08
      61.5500  3.17545e-08  1.39462e-08
      61.6500  3.00145e-08  1.30219e-08
      61.7500  2.82746e-08  1.20977e-08
      61.8500  2.65346e-08  1.11734e-08
      61.9500  2.49052e-08  1.03134e-08
      62.0500  2.41306e-08  9.95010e-09
      62.1500  2.33560e-08  9.58678e-09
      62.2500  2.25814e-08  9.22346e-09
      62.3500  2.18068e-08  8.86015e-09
      62.4500  2.10322e-08  8.49683e-09
      62.5500  2.02576e-08  8.13351e-09
      62.6500  1.94831e-08  7.77019e-09
      62.7500  1.87085e-08  7.40688e-09
      62.8500  1.79339e-08  7.04356e-09
      62.9500  1.71593e-08  6.68024e-09
      63.0500  1.63847e-08  6.31693e-09
      63.1500  1.56101e-08  5.95361e-09
      63.2500  1.48355e-08  5.59029e-09
      63.3500  1.40609e-08  5.22697e-09
      63.4500  1.32863e-08  4.86366e-09
      63.5500  1.25117e-08  4.50034e-09
      63.6500  1.18843e-08  4.21419e-09
      63.7500  1.15129e-08  4.06232e-09
      63.8500  1.11416e-08  3.91044e-09
      63.9500  1.07702e-08  3.75856e-09
      64.0500  1.03988e-08  3.60668e-09
      64.1500  1.00274e-08  3.45480e-09
      64.2500  9.65607e-09  3.30292e-09
      64.3500  9.28470e-09  3.15104e-09
      64.4500  8.91332e-09  2.99916e-09
      64.5500  8.54195e-09  2.84728e-09
      64.6500  8.17058e-09  2.69540e-09
      64.7500  7.79921e-09  2.54352e-09
      64.8500  7.42783e-09  2.39165e-09
      64.9500  7.05646e-09  2.23977e-09
      65.0500  6.68509e-09  2.08789e-09
      65.1500  6.31372e-09  1.93601e-09
      65.2500  5.94234e-09  1.78413e-09
      65.3500  5.59732e-09  1.64467e-09
      65.4500  5.42520e-09  1.58668e-09
      65.5500  5.25307e-09  1.52869e-09
      65.6500  5.08094e-09  1.47070e-09
      65.7500  4.90881e-09  1.41271e-09
      65.8500  4.73668e-09  1.35472e-09
      65.9500  4.56455e-09  1.29673e-09
      66.0500  4.39242e-09  1.23874e-09
      66.1500  4.22030e-09  1.18075e-09
      66.2500  4.04817e-09  1.12276e-09
      66.3500  3.87604e-09  1.06477e-09
      66.4500  3.70391e-09  1.00678e-09
      66.5500  3.53178e-09  9.48787e-10
      66.6500  3.35965e-09  8.90797e-10
      66.7500  3.18753e-09  8.32807e-10
      66.8500  3.01540e-09  7.74817e-10
      66.9500  2.84327e-09  7.16827e-10
      67.0500  2.67114e-09  6.58837e-10
      67.1500  2.54211e-09  6.17608e-10
      67.2500  2.45882e-09  5.94169e-10
      67.3500  2.37554e-09  5.70730e-10
      67.4500  2.29225e-09  5.47291e-10
      67.5500  2.20897e-09  5.23852e-10
      67.6500  2.12568e-09  5.00413e-10
      67.7500  2.04239e-09  4.76974e-10
      67.8500  1.95911e-09  4.53535e-10
      67.9500  1.87582e-09  4.30096e-10
      68.0500  1.79253e-09  4.06657e-10
      68.1500  1.70925e-09  3.83218e-10
      68.2500  1.62596e-09  3.59778e-10
      68.3500  1.54268e-09  3.36339e-10
      68.4500  1.45939e-09  3.12900e-10
      68.5500  1.37610e-09  2.89461e-10
      68.6500  1.29282e-09  2.66022e-10
      68.7500  1.20953e-09  2.42583e-10
      68.8500  1.12624e-09  2.19144e-10
      68.9500  1.05872e-09  2.00691e-10
      69.0500  1.02496e-09  1.92912e-10
      69.1500  9.91196e-10  1.85133e-10
      69.2500  9.57432e-10  1.77354e-10
      69.3500  9.23668e-10  1.69575e-10
      69.4500  8.89904e-10  1.61796e-10
      69.5500  8.56140e-10  1.54017e-10
      69.6500  8.22376e-10  1.46238e-10
      69.7500  7.88612e-10  1.38459e-10
      69.8500  7.54848e-10  1.30680e-10
      69.9500  7.21084e-10  1.22901e-10
      70.0500  6.87320e-10  1.15122e-10
      70.1500  6.53556e-10  1.07343e-10
      70.2500  6.19792e-10  9.95636e-11
      70.3500  5.86028e-10  9.17846e-11
      70.4500  5.52264e-10  8.40056e-11
      70.5500  5.18500e-10  7.62267e-11
      70.6500  4.84736e-10  6.84477e-11
      70.7500  4.50972e-10  6.06687e-11
      70.8500  4.31563e-10  5.69154e-11
      70.9500  4.18112e-10  5.48332e-11
      71.0500  4.04661e-10  5.27510e-11
      71.1500  3.91211e-10  5.06688e-11
      71.2500  3.77760e-10  4.85866e-11
      71.3500  3.64309e-10  4.65044e-11
      71.4500  3.50858e-10  4.44221e-11
      71.5500  3.37408e-10  4.23399e-11
      71.6500  3.23957e-10  4.02577e-11
      71.7500  3.10506e-10  3.81755e-11
      71.8500  2.97055e-10  3.60933e-11
      71.9500  2.83605e-10  3.40111e-11
      72.0500  2.70154e-10  3.19289e-11
      72.1500  2.56703e-10  2.98467e-11
      72.2500  2.43253e-10  2.77645e-11
      72.3500  2.29802e-10  2.56823e-11
      72.4500  2.16351e-10  2.36001e-11
      72.5500  2.02900e-10  2.15179e-11
      72.6500  1.89450e-10  1.94356e-11
      72.7500  1.80227e-10  1.81188e-11
      72.8500  1.74737e-10  1.74777e-11
      72.9500  1.69247e-10  1.68366e-11
      73.0500  1.63756e-10  1.61955e-11
      73.1500  1.58266e-10  1.55544e-11
      73.2500  1.52776e-10  1.49133e-11
      73.3500  1.47286e-10  1.42722e-11
      73.4500  1.41796e-10  1.36311e-11
      73.5500  1.36305e-10  1.29900e-11
      73.6500  1.30815e-10  1.23489e-11
      73.7500  1.25325e-10  1.17078e-11
      73.8500  1.19835e-10  1.10667e-11
      73.9500  1.14344e-10  1.04256e-11
      74.0500  1.08854e-10  9.78454e-12
      74.1500  1.03364e-10  9.14344e-12
      74.2500  9.78738e-11  8.50234e-12
      74.3500  9.23836e-11  7.86124e-12
      74.4500  8.68934e-11  7.22014e-12
      74.5500  8.14032e-11  6.57904e-12
      74.6500  7.59129e-11  5.93794e-12
      74.7500  7.33456e-11  5.68082e-12
      74.8500  7.12047e-11  5.47971e-12
      74.9500  6.90638e-11  5.27861e-12
      75.0500  6.69229e-11  5.07751e-12
      75.1500  6.47820e-11  4.87641e-12
      75.2500  6.26411e-11  4.67530e-12
      75.3500  6.05002e-11  4.47420e-12
      75.4500  5.83593e-11  4.27310e-12
      75.5500  5.62183e-11  4.07200e-12
      75.6500  5.40774e-11  3.87089e-12
      75.7500  5.19365e-11  3.66979e-12
      75.8500  4.97956e-11  3.46869e-12
      75.9500  4.76547e-11  3.26759e-12
      76.0500  4.55138e-11  3.06648e-12
      76.1500  4.33729e-11  2.86538e-12
      76.2500  4.12320e-11  2.66428e-12
      76.3500  3.90911e-11  2.46318e-12
      76.4500  3.69502e-11  2.26207e-12
      76.5500  3.48093e-11  2.06097e-12
      76.6500  3.26684e-11  1.85987e-12
      76.7500  3.14549e-11  1.75870e-12
      76.8500  3.06560e-11  1.70221e-12
      76.9500  2.98572e-11  1.64572e-12
      77.0500  2.90583e-11  1.58924e-12
      77.1500  2.82595e-11  1.53275e-12
      77.2500  2.74606e-11  1.47626e-12
      77.3500  2.66618e-11  1.41977e-12
      77.4500  2.58629e-11  1.36329e-12
      77.5500  2.50640e-11  1.30680e-12
      77.6500  2.42652e-11  1.25031e-12
      77.7500  2.34663e-11  1.19382e-12
      77.8500  2.26675e-11  1.13734e-12
      77.9500  2.18686e-11  1.08085e-12
      78.0500  2.10698e-11  1.02436e-12
      78.1500  2.02709e-11  9.67873e-13
      78.2500  1.94721e-11  9.11386e-13
      78.3500  1.86732e-11  8.54898e-13
      78.4500  1.78744e-11  7.98410e-13
      78.5500  1.70755e-11  7.41923e-13
      78.6500  1.62767e-11  6.85435e-13
      78.7500  1.54778e-11  6.28948e-13
      78.8500  1.50642e-11  6.06034e-13
      78.9500  1.46758e-11  5.85307e-13
      79.0500  1.42873e-11  5.64581e-13
      79.1500  1.38988e-11  5.43854e-13
      79.2500  1.35103e-11  5.23128e-13
      79.3500  1.31219e-11  5.02401e-13
      79.4500  1.27334e-11  4.81675e-13
      79.5500  1.23449e-11  4.60948e-13
      79.6500  1.19565e-11  4.40222e-13
      79.7500  1.15680e-11  4.19495e-13
      79.8500  1.11795e-11  3.98769e-13
      79.9500  1.07910e-11  3.78042e-13
      80.0500  1.04026e-11  3.57316e-13
      80.1500  1.00141e-11  3.36589e-13
      80.2500  9.62562e-12  3.15863e-13
      80.3500  9.23715e-12  2.95136e-13
      80.4500  8.84868e-12  2.74410e-13
      80.5500  8.46021e-12  2.53683e-13
      80.6500  8.07174e-12  2.32957e-13
      80.7500  7.68326e-12  2.12230e-13
      80.8500  7.29479e-12  1.91504e-13
      80.9500  7.04715e-12  1.80256e-13
      81.0500  6.87018e-12  1.73764e-13
      81.1500  6.69320e-12  1.67273e-13
      81.2500  6.51622e-12  1.60781e-13
      81.3500  6.33925e-12  1.54289e-13
      81.4500  6.16227e-12  1.47798e-13
      81.5500  5.98530e-12  1.41306e-13
      81.6500  5.80832e-12  1.34814e-13
      81.7500  5.63134e-12  1.28323e-13
      81.8500  5.45437e-12  1.21831e-13
      81.9500  5.27739e-12  1.15339e-13
      82.0500  5.10041e-12  1.08848e-13
      82.1500  4.92344e-12  1.02356e-13
      82.2500  4.74646e-12  9.58644e-14
      82.3500  4.56949e-12  8.93727e-14
      82.4500  4.39251e-12  8.28810e-14
      82.5500  4.21553e-12  7.63894e-14
      82.6500  4.03856e-12  6.98977e-14
      82.7500  3.86158e-12  6.34060e-14
      82.8500  3.68461e-12  5.69144e-14
      82.9500  3.50763e-12  5.04227e-14
      83.0500  3.33065e-12  4.39310e-14
      83.1500  3.23539e-12  4.13819e-14
      83.2500  3.16468e-12  4.00176e-14
      83.3500  3.09398e-12  3.86533e-14
      83.4500  3.02327e-12  3.72890e-14
      83.5500  2.95256e-12  3.59248e-14
      83.6500  2.88185e-12  3.45605e-14
      83.7500  2.81115e-12  3.31962e-14
      83.8500  2.74044e-12  3.18319e-14
      83.9500  2.66973e-12  3.04676e-14
      84.0500  2.59903e-12  2.91033e-14
      84.1500  2.52832e-12  2.77390e-14
      84.2500  2.45761e-12  2.63747e-14
      84.3500  2.38690e-12  2.50104e-14
      84.4500  2.31620e-12  2.36462e-14
      84.5500  2.24549e-12  2.22819e-14
      84.6500  2.17478e-12  2.09176e-14
      84.7500  2.10407e-12  1.95533e-14
      84.8500  2.03337e-12  1.81890e-14
      84.9500  1.96266e-12  1.68247e-14
      85.0500  1.89195e-12  1.54604e-14
      85.1500  1.82125e-12  1.40961e-14
      85.2500  1.75054e-12  1.27318e-14
      85.3500  1.69116e-12  1.16689e-14
      85.4500  1.65825e-12  1.13101e-14
      85.5500  1.62533e-12  1.09514e-14
      85.6500  1.59242e-12  1.05926e-14
      85.7500  1.55951e-12  1.02339e-14
      85.8500  1.52660e-12  9.87510e-15
      85.9500  1.49369e-12  9.51634e-15
      86.0500  1.46077e-12  9.15758e-15
      86.1500  1.42786e-12  8.79882e-15
      86.2500  1.39495e-12  8.44006e-15
      86.3500  1.36204e-12  8.08130e-15
      86.4500  1.32913e-12  7.72255e-15
      86.5500  1.29622e-12  7.36379e-15
      86.6500  1.26330e-12  7.00503e-15
      86.7500  1.23039e-12  6.64627e-15
      86.8500  1.19748e-12  6.28751e-15
      86.9500  1.16457e-12  5.92875e-15
      87.0500  1.13166e-12  5.56999e-15
      87.1500  1.09874e-12  5.21123e-15
      87.2500  1.06583e-12  4.85248e-15
      87.3500  1.03292e-12  4.49372e-15
      87.4500  1.00001e-12  4.13496e-15
      87.5500  9.67097e-13  3.77620e-15
      87.6500  9.37175e-13  3.47216e-15
      87.7500  9.19130e-13  3.38544e-15
      87.8500  9.01085e-13  3.29871e-15
      87.9500  8.83039e-13  3.21198e-15
      88.0500  8.64994e-13  3.12525e-15
      88.1500  8.46949e-13  3.03852e-15
      88.2500  8.28903e-13  2.95179e-15
      88.3500  8.10858e-13  2.86506e-15
      88.4500  7.92813e-13  2.77833e-15
      88.5500  7.74767e-13  2.69160e-15
      88.6500  7.56722e-13  2.60487e-15
      88.7500  7.38677e-13  2.51814e-15
      88.8500  7.20631e-13  2.43141e-15
      88.9500  7.02586e-13  2.34468e-15
      89.0500  6.84541e-13  2.25795e-15
      89.1500  6.66495e-13  2.17122e-15
      89.2500  6.48450e-13  2.08450e-15
      89.3500  6.30405e-13  1.99777e-15
      89.4500  6.12359e-13  1.91104e-15
      89.5500  5.94314e-13  1.82431e-15
      89.6500  5.76268e-13  1.73758e-15
      89.7500  5.58223e-13  1.65085e-15
      89.8500  5.40178e-13  1.56412e-15
      89.9500  5.22132e-13  1.47739e-15
      90.0500  5.09225e-13  1.42320e-15
      90.1500  5.00760e-13  1.39715e-15
      90.2500  4.92295e-13  1.37111e-15
      90.3500  4.83830e-13  1.34506e-15
      90.4500  4.75366e-13  1.31901e-15
      90.5500  4.66901e-13  1.29296e-15
      90.6500  4.58436e-13  1.26691e-15
      90.7500  4.49971e-13  1.24087e-15
      90.8500  4.41507e-13  1.21482e-15
      90.9500  4.33042e-13  1.18877e-15
      91.0500  4.24577e-13  1.16272e-15
      91.1500  4.16112e-13  1.13668e-15
      91.2500  4.07648e-13  1.11063e-15
      91.3500  3.99183e-13  1.08458e-15
      91.4500  3.90718e-13  1.05853e-15
      91.5500  3.82253e-13  1.03248e-15
      91.6500  3.73789e-13  1.00644e-15
      91.7500  3.65324e-13  9.80388e-16
      91.8500  3.56859e-13  9.54340e-16
      91.9500  3.48394e-13  9.28292e-16
      92.0500  3.39930e-13  9.02244e-16
      92.1500  3.31465e-13  8.76196e-16
      92.2500  3.23000e-13  8.50148e-16
      92.3500  3.14535e-13  8.24101e-16
      92.4500  3.07090e-13  8.01562e-16
      92.5500  3.04334e-13  7.95179e-16
      92.6500  3.01578e-13  7.88797e-16
      92.7500  2.98822e-13  7.82414e-16
      92.8500  2.96066e-13  7.76031e-16
      92.9500  2.93311e-13  7.69648e-16
      93.0500  2.90555e-13  7.63265e-16
      93.1500  2.87799e-13  7.56882e-16
      93.2500  2.85043e-13  7.50499e-16
      93.3500  2.82288e-13  7.44116e-16
      93.4500  2.79532e-13  7.37734e-16
      93.5500  2.76776e-13  7.31351e-16
      93.6500  2.74020e-13  7.24968e-16
      93.7500  2.71264e-13  7.18585e-16
      93.8500  2.68509e-13  7.12202e-16
      93.9500  2.65753e-13  7.05819e-16
      94.0500  2.62997e-13  6.99436e-16
      94.1500  2.60241e-13  6.93053e-16
      94.2500  2.57486e-13  6.86671e-16
      94.3500  2.54730e-13  6.80288e-16
      94.4500  2.51974e-13  6.73905e-16
      94.5500  2.49218e-13  6.67522e-16
      94.6500  2.46462e-13  6.61139e-16
      94.7500  2.43707e-13  6.54756e-16
      94.8500  2.40951e-13  6.48373e-16
      94.9500  2.38284e-13  6.42426e-16
      95.0500  2.35986e-13  6.38300e-16
      95.1500  2.33689e-13  6.34174e-16
      95.2500  2.31392e-13  6.30049e-16
      95.3500  2.29095e-13  6.25923e-16
      95.4500  2.26798e-13  6.21797e-16
      95.5500  2.24501e-13  6.17671e-16
      95.6500  2.22204e-13  6.13545e-16
      95.7500  2.19906e-13  6.09420e-16
      95.8500  2.17609e-13  6.05294e-16
      95.9500  2.15312e-13  6.01168e-16
      96.0500  2.13015e-13  5.97042e-16
      96.1500  2.10718e-13  5.92916e-16
      96.2500  2.08421e-13  5.88790e-16
      96.3500  2.06123e-13  5.84665e-16
      96.4500  2.03826e-13  5.80539e-16
      96.5500  2.01529e-13  5.76413e-16
      96.6500  1.99232e-13  5.72287e-16
      96.7500  1.96935e-13  5.68161e-16
      96.8500  1.94638e-13  5.64036e-16
      96.9500  1.92341e-13  5.59910e-16
      97.0500  1.90043e-13  5.55784e-16
      97.1500  1.87746e-13  5.51658e-16
      97.2500  1.85449e-13  5.47532e-16
      97.3500  1.83152e-13  5.43407e-16
      97.4500  1.80855e-13  5.39281e-16
      97.5500  1.78757e-13  5.36951e-16
      97.6500  1.76852e-13  5.36348e-16
      97.7500  1.74946e-13  5.35745e-16
      97.8500  1.73041e-13  5.35142e-16
      97.9500  1.71136e-13  5.34538e-16
      98.0500  1.69230e-13  5.33935e-16
      98.1500  1.67325e-13  5.33332e-16
      98.2500  1.65419e-13  5.32729e-16
      98.3500  1.63514e-13  5.32126e-16
      98.4500  1.61608e-13  5.31523e-16
      98.5500  1.59703e-13  5.30920e-16
      98.6500  1.57797e-13  5.30317e-16
      98.7500  1.55892e-13  5.29713e-16
      98.8500  1.53987e-13  5.29110e-16
      98.9500  1.52081e-13  5.28507e-16
      99.0500  1.50176e-13  5.27904e-16
      99.1500  1.48270e-13  5.27301e-16
      99.2500  1.46365e-13  5.26698e-16
      99.3500  1.44459e-13  5.26095e-16
      99.4500  1.42554e-13  5.25492e-16
      99.5500  1.40648e-13  5.24889e-16
      99.6500  1.38743e-13  5.24285e-16
      99.7500  1.36837e-13  5.23682e-16
      99.8500  1.34932e-13  5.23079e-16
      99.9500  1.33027e-13  5.22476e-16
      100.050  1.31121e-13  5.21873e-16
      100.150  1.29300e-13  5.21612e-16
      100.250  1.28058e-13  5.23706e-16
      100.350  1.26816e-13  5.25801e-16
      100.450  1.25574e-13  5.27895e-16
      100.550  1.24332e-13  5.29989e-16
      100.650  1.23090e-13  5.32083e-16
      100.750  1.21849e-13  5.34178e-16
      100.850  1.20607e-13  5.36272e-16
      100.950  1.19365e-13  5.38366e-16
      101.050  1.18123e-13  5.40461e-16
      101.150  1.16881e-13  5.42555e-16
      101.250  1.15639e-13  5.44649e-16
      101.350  1.14397e-13  5.46744e-16
      101.450  1.13155e-13  5.48838e-16
      101.550  1.11913e-13  5.50932e-16
      101.650  1.10672e-13  5.53026e-16
      101.750  1.09430e-13  5.55121e-16
      101.850  1.08188e-13  5.57215e-16
      101.950  1.06946e-13  5.59309e-16
      102.050  1.05704e-13  5.61404e-16
      102.150  1.04462e-13  5.63498e-16
      102.250  1.03220e-13  5.65592e-16
      102.350  1.01978e-13  5.67687e-16
      102.450  1.00736e-13  5.69781e-16
      102.550  9.94945e-14  5.71875e-16
      102.650  9.82526e-14  5.73969e-16
      102.750  9.70107e-14  5.76064e-16
      102.850  9.58130e-14  5.78552e-16
      102.950  9.55592e-14  5.89473e-16
      103.050  9.53055e-14  6.00394e-16
      103.150  9.50518e-14  6.11315e-16
      103.250  9.47981e-14  6.22237e-16
      103.350  9.45444e-14  6.33158e-16
      103.450  9.42906e-14  6.44079e-16
      103.550  9.40369e-14  6.55000e-16
      103.650  9.37832e-14  6.65921e-16
      103.750  9.35295e-14  6.76842e-16
      103.850  9.32757e-14  6.87763e-16
      103.950  9.30220e-14  6.98684e-16
      104.050  9.27683e-14  7.09605e-16
      104.150  9.25146e-14  7.20526e-16
      104.250  9.22608e-14  7.31447e-16
      104.350  9.20071e-14  7.42368e-16
      104.450  9.17534e-14  7.53289e-16
      104.550  9.14997e-14  7.64210e-16
      104.650  9.12459e-14  7.75131e-16
      104.750  9.09922e-14  7.86052e-16
      104.850  9.07385e-14  7.96973e-16
      104.950  9.04848e-14  8.07894e-16
      105.050  9.02310e-14  8.18815e-16
      105.150  8.99773e-14  8.29736e-16
      105.250  8.97236e-14  8.40657e-16
      105.350  8.94699e-14  8.51578e-16
      105.450  8.92161e-14  8.62500e-16
      105.550  8.89624e-14  8.73421e-16
      105.650  8.87049e-14  8.84594e-16
      105.750  8.84371e-14  8.96458e-16
      105.850  8.81692e-14  9.08323e-16
      105.950  8.79014e-14  9.20187e-16
      106.050  8.76335e-14  9.32051e-16
      106.150  8.73657e-14  9.43916e-16
      106.250  8.70978e-14  9.55780e-16
      106.350  8.68300e-14  9.67644e-16
      106.450  8.65622e-14  9.79508e-16
      106.550  8.62943e-14  9.91373e-16
      106.650  8.60265e-14  1.00324e-15
      106.750  8.57586e-14  1.01510e-15
      106.850  8.54908e-14  1.02697e-15
      106.950  8.52229e-14  1.03883e-15
      107.050  8.49551e-14  1.05069e-15
      107.150  8.46873e-14  1.06256e-15
      107.250  8.44194e-14  1.07442e-15
      107.350  8.41516e-14  1.08629e-15
      107.450  8.38837e-14  1.09815e-15
      107.550  8.36159e-14  1.11002e-15
      107.650  8.33480e-14  1.12188e-15
      107.750  8.30802e-14  1.13374e-15
      107.850  8.28123e-14  1.14561e-15
      107.950  8.25445e-14  1.15747e-15
      108.050  8.22767e-14  1.16934e-15
      108.150  8.20088e-14  1.18120e-15
      108.250  8.17410e-14  1.19307e-15
      108.350  8.14731e-14  1.20493e-15
      108.450  8.12053e-14  1.21679e-15
      108.550  8.10702e-14  1.22929e-15
      108.650  8.09899e-14  1.24204e-15
      108.750  8.09095e-14  1.25479e-15
      108.850  8.08291e-14  1.26754e-15
      108.950  8.07487e-14  1.28029e-15
      109.050  8.06684e-14  1.29304e-15
      109.150  8.05880e-14  1.30579e-15
      109.250  8.05076e-14  1.31854e-15
      109.350  8.04273e-14  1.33129e-15
      109.450  8.03469e-14  1.34404e-15
      109.550  8.02665e-14  1.35679e-15
      109.650  8.01862e-14  1.36954e-15
      109.750  8.01058e-14  1.38229e-15
      109.850  8.00254e-14  1.39504e-15
      109.950  7.99451e-14  1.40779e-15
      110.050  7.98647e-14  1.42054e-15
      110.150  7.97843e-14  1.43329e-15
      110.250  7.97040e-14  1.44604e-15
      110.350  7.96236e-14  1.45879e-15
      110.450  7.95432e-14  1.47154e-15
      110.550  7.94629e-14  1.48429e-15
      110.650  7.93825e-14  1.49704e-15
      110.750  7.93021e-14  1.50979e-15
      110.850  7.92218e-14  1.52254e-15
      110.950  7.91414e-14  1.53529e-15
      111.050  7.90610e-14  1.54804e-15
      111.150  7.89807e-14  1.56079e-15
      111.250  7.89003e-14  1.57354e-15
      111.350  7.88199e-14  1.58629e-15
      111.450  7.92041e-14  1.59195e-15
      111.550  8.04028e-14  1.58517e-15
      111.650  8.16015e-14  1.57839e-15
      111.750  8.28002e-14  1.57162e-15
      111.850  8.39988e-14  1.56484e-15
      111.950  8.51975e-14  1.55806e-15
      112.050  8.63962e-14  1.55128e-15
      112.150  8.75949e-14  1.54450e-15
      112.250  8.87936e-14  1.53773e-15
      112.350  8.99923e-14  1.53095e-15
      112.450  9.11910e-14  1.52417e-15
      112.550  9.23897e-14  1.51739e-15
      112.650  9.35884e-14  1.51061e-15
      112.750  9.47871e-14  1.50383e-15
      112.850  9.59858e-14  1.49706e-15
      112.950  9.71845e-14  1.49028e-15
      113.050  9.83832e-14  1.48350e-15
      113.150  9.95819e-14  1.47672e-15
      113.250  1.00781e-13  1.46994e-15
      113.350  1.01979e-13  1.46317e-15
      113.450  1.03178e-13  1.45639e-15
      113.550  1.04377e-13  1.44961e-15
      113.650  1.05575e-13  1.44283e-15
      113.750  1.06774e-13  1.43605e-15
      113.850  1.07973e-13  1.42928e-15
      113.950  1.09171e-13  1.42250e-15
      114.050  1.10370e-13  1.41572e-15
      114.150  1.11569e-13  1.40894e-15
      114.250  1.12767e-13  1.40216e-15
      114.350  1.13966e-13  1.39538e-15
      114.450  1.15422e-13  1.38879e-15
      114.550  1.17730e-13  1.38282e-15
      114.650  1.20038e-13  1.37684e-15
      114.750  1.22346e-13  1.37087e-15
      114.850  1.24654e-13  1.36489e-15
      114.950  1.26961e-13  1.35891e-15
      115.050  1.29269e-13  1.35294e-15
      115.150  1.31577e-13  1.34696e-15
      115.250  1.33885e-13  1.34099e-15
      115.350  1.36193e-13  1.33501e-15
      115.450  1.38501e-13  1.32903e-15
      115.550  1.40808e-13  1.32306e-15
      115.650  1.43116e-13  1.31708e-15
      115.750  1.45424e-13  1.31111e-15
      115.850  1.47732e-13  1.30513e-15
      115.950  1.50040e-13  1.29916e-15
      116.050  1.52348e-13  1.29318e-15
      116.150  1.54656e-13  1.28720e-15
      116.250  1.56963e-13  1.28123e-15
      116.350  1.59271e-13  1.27525e-15
      116.450  1.61579e-13  1.26928e-15
      116.550  1.63887e-13  1.26330e-15
      116.650  1.66195e-13  1.25733e-15
      116.750  1.68503e-13  1.25135e-15
      116.850  1.70811e-13  1.24537e-15
      116.950  1.73118e-13  1.23940e-15
      117.050  1.75426e-13  1.23342e-15
      117.150  1.77734e-13  1.22745e-15
      117.250  1.80042e-13  1.22147e-15
      117.350  1.82350e-13  1.21550e-15
      117.450  1.84658e-13  1.20952e-15
      117.550  1.88876e-13  1.20655e-15
      117.650  2.00449e-13  1.21515e-15
      117.750  2.12021e-13  1.22376e-15
      117.850  2.23594e-13  1.23236e-15
      117.950  2.35167e-13  1.24096e-15
      118.050  2.46740e-13  1.24956e-15
      118.150  2.58313e-13  1.25817e-15
      118.250  2.69885e-13  1.26677e-15
      118.350  2.81458e-13  1.27537e-15
      118.450  2.93031e-13  1.28398e-15
      118.550  3.04604e-13  1.29258e-15
      118.650  3.16177e-13  1.30118e-15
      118.750  3.27750e-13  1.30979e-15
      118.850  3.39322e-13  1.31839e-15
      118.950  3.50895e-13  1.32699e-15
      119.050  3.62468e-13  1.33559e-15
      119.150  3.74041e-13  1.34420e-15
      119.250  3.85614e-13  1.35280e-15
      119.350  3.97187e-13  1.36140e-15
      119.450  4.08759e-13  1.37001e-15
      119.550  4.20332e-13  1.37861e-15
      119.650  4.31905e-13  1.38721e-15
      119.750  4.43478e-13  1.39581e-15
      119.850  4.55051e-13  1.40442e-15
      119.950  4.66623e-13  1.41302e-15
      120.050  4.78196e-13  1.42162e-15
      120.150  4.89769e-13  1.43023e-15
      120.250  5.01342e-13  1.43883e-15
      120.350  5.12915e-13  1.44743e-15
      120.450  5.24488e-13  1.45604e-15
      120.550  5.36060e-13  1.46464e-15
      120.650  5.47633e-13  1.47324e-15
      120.750  5.67819e-13  1.48133e-15
      120.850  6.01365e-13  1.48862e-15
      120.950  6.34911e-13  1.49591e-15
      121.050  6.68457e-13  1.50321e-15
      121.150  7.02003e-13  1.51050e-15
      121.250  7.35549e-13  1.51779e-15
      121.350  7.69095e-13  1.52508e-15
      121.450  8.02641e-13  1.53237e-15
      121.550  8.36187e-13  1.53966e-15
      121.650  8.69733e-13  1.54695e-15
      121.750  9.03279e-13  1.55425e-15
      121.850  9.36825e-13  1.56154e-15
      121.950  9.70370e-13  1.56883e-15
      122.050  1.00392e-12  1.57612e-15
      122.150  1.03746e-12  1.58341e-15
      122.250  1.07101e-12  1.59070e-15
      122.350  1.10455e-12  1.59800e-15
      122.450  1.13810e-12  1.60529e-15
      122.550  1.17165e-12  1.61258e-15
      122.650  1.20519e-12  1.61987e-15
      122.750  1.23874e-12  1.62716e-15
      122.850  1.27228e-12  1.63445e-15
      122.950  1.30583e-12  1.64174e-15
      123.050  1.33938e-12  1.64904e-15
      123.150  1.37292e-12  1.65633e-15
      123.250  1.40647e-12  1.66362e-15
      123.350  1.44001e-12  1.67091e-15
      123.450  1.47356e-12  1.67820e-15
      123.550  1.50711e-12  1.68549e-15
      123.650  1.54065e-12  1.69279e-15
      123.750  1.57420e-12  1.70008e-15
      123.850  1.60774e-12  1.70737e-15
      123.950  1.64129e-12  1.71466e-15
