 1240 lines : MEGS B CCD responsivity
 2 columns : Wavelength (nm),  Responsivity (electrons/photon) [no filter]
    0.0500000      14.9820
     0.150000      130.876
     0.250000      307.235
     0.350000      453.187
     0.450000      519.110
     0.550000      511.635
     0.650000      462.474
     0.750000      154.128
     0.850000      177.456
     0.950000      192.266
      1.05000      202.590
      1.15000      208.651
      1.25000      205.267
      1.35000      203.009
      1.45000      198.411
      1.55000      190.254
      1.65000      179.785
      1.75000      171.824
      1.85000      164.606
      1.95000      156.814
      2.05000      148.751
      2.15000      140.564
      2.25000      133.789
      2.35000      130.063
      2.45000      124.862
      2.55000      119.662
      2.65000      114.464
      2.75000      110.062
      2.85000      106.455
      2.95000      102.850
      3.05000      99.2475
      3.15000      95.6560
      3.25000      92.5214
      3.35000      89.8637
      3.45000      87.2075
      3.55000      84.5538
      3.65000      81.9030
      3.75000      79.5757
      3.85000      77.5105
      3.95000      75.4675
      4.05000      73.4267
      4.15000      71.3887
      4.25000      69.5891
      4.35000      67.9398
      4.45000      66.3247
      4.55000      64.7120
      4.65000      63.1022
      4.75000      61.8983
      4.85000      60.8855
      4.95000      59.8818
      5.05000      58.7613
      5.15000      57.3382
      5.25000      55.9330
      5.35000      54.5883
      5.45000      53.3521
      5.55000      52.1196
      5.65000      50.8893
      5.75000      49.6616
      5.85000      48.8376
      5.95000      48.1109
      6.05000      47.4858
      6.15000      46.8613
      6.25000      46.1789
      6.35000      44.9734
      6.45000      43.6394
      6.55000      42.1202
      6.65000      40.6073
      6.75000      39.0974
      6.85000      37.7134
      6.95000      36.3477
      7.05000      35.0337
      7.15000      33.7444
      7.25000      32.5589
      7.35000      31.5768
      7.45000      31.1675
      7.55000      30.7596
      7.65000      30.3555
      7.75000      29.9958
      7.85000      29.7729
      7.95000      29.5656
      8.05000      29.4407
      8.15000      29.3152
      8.25000      29.1299
      8.35000      28.9445
      8.45000      28.7306
      8.55000      28.5100
      8.65000      28.2896
      8.75000      28.0693
      8.85000      27.8403
      8.95000      27.5805
      9.05000      27.3208
      9.15000      26.9175
      9.25000      26.4854
      9.35000      26.0834
      9.45000      25.7305
      9.55000      25.3776
      9.65000      25.1452
      9.75000      24.9326
      9.85000      24.7259
      9.95000      24.5348
      10.0500      24.3436
      10.1500      24.1667
      10.2500      23.9987
      10.3500      23.8308
      10.4500      23.6563
      10.5500      23.4810
      10.6500      23.3049
      10.7500      23.1209
      10.8500      22.9370
      10.9500      22.7473
      11.0500      22.5359
      11.1500      22.3245
      11.2500      22.1116
      11.3500      21.8945
      11.4500      21.6774
      11.5500      21.4889
      11.6500      21.4070
      11.7500      21.3251
      11.8500      21.2468
      11.9500      21.2026
      12.0500      21.1584
      12.1500      21.1143
      12.2500      21.0673
      12.3500      21.0200
      12.4500      20.9726
      12.5500      21.0329
      12.6500      21.1633
      12.7500      21.2936
      12.8500      21.3638
      12.9500      21.2300
      13.0500      21.0962
      13.1500      20.9624
      13.2500      20.8287
      13.3500      20.6950
      13.4500      20.5613
      13.5500      20.4233
      13.6500      20.2678
      13.7500      20.1122
      13.8500      19.9567
      13.9500      19.7985
      14.0500      19.6381
      14.1500      19.4777
      14.2500      19.3173
      14.3500      19.1519
      14.4500      18.9851
      14.5500      18.8183
      14.6500      18.6515
      14.7500      18.4500
      14.8500      18.2455
      14.9500      18.0409
      15.0500      17.8363
      15.1500      17.6326
      15.2500      17.4288
      15.3500      17.2251
      15.4500      17.0214
      15.5500      16.8774
      15.6500      16.7416
      15.7500      16.6058
      15.8500      16.4700
      15.9500      16.3578
      16.0500      16.2557
      16.1500      16.1535
      16.2500      16.0514
      16.3500      15.9412
      16.4500      15.8192
      16.5500      15.6971
      16.6500      15.5751
      16.7500      15.4530
      16.8500      15.2928
      16.9500      15.1322
      17.0500      14.9716
      17.1500      14.8111
      17.2500      14.6622
      17.3500      14.5270
      17.4500      14.3918
      17.5500      14.2566
      17.6500      14.1214
      17.7500      14.0213
      17.8500      13.9295
      17.9500      13.8377
      18.0500      13.7459
      18.1500      13.6540
      18.2500      13.5596
      18.3500      13.4651
      18.4500      13.3707
      18.5500      13.2762
      18.6500      13.1809
      18.7500      13.0790
      18.8500      12.9772
      18.9500      12.8754
      19.0500      12.7736
      19.1500      12.6723
      19.2500      12.5776
      19.3500      12.4828
      19.4500      12.3881
      19.5500      12.2933
      19.6500      12.1986
      19.7500      12.1173
      19.8500      12.0376
      19.9500      11.9578
      20.0500      11.8780
      20.1500      11.7983
      20.2500      11.7288
      20.3500      11.6668
      20.4500      11.6047
      20.5500      11.5427
      20.6500      11.4806
      20.7500      11.4213
      20.8500      11.3819
      20.9500      11.3424
      21.0500      11.3030
      21.1500      11.2635
      21.2500      11.2241
      21.3500      11.1751
      21.4500      11.1173
      21.5500      11.0595
      21.6500      11.0017
      21.7500      10.9438
      21.8500      10.8860
      21.9500      10.8210
      22.0500      10.7536
      22.1500      10.6862
      22.2500      10.6188
      22.3500      10.5515
      22.4500      10.4841
      22.5500      10.4241
      22.6500      10.3655
      22.7500      10.3070
      22.8500      10.2484
      22.9500      10.1898
      23.0500      10.1313
      23.1500      10.0726
      23.2500      10.0138
      23.3500      9.95509
      23.4500      9.89634
      23.5500      9.83759
      23.6500      9.77885
      23.7500      9.71911
      23.8500      9.65845
      23.9500      9.59779
      24.0500      9.53713
      24.1500      9.47648
      24.2500      9.41582
      24.3500      9.35529
      24.4500      9.29582
      24.5500      9.23634
      24.6500      9.17687
      24.7500      9.11739
      24.8500      9.05792
      24.9500      8.99844
      25.0500      8.94272
      25.1500      8.89040
      25.2500      8.83808
      25.3500      8.78576
      25.4500      8.73344
      25.5500      8.68112
      25.6500      8.62880
      25.7500      8.59058
      25.8500      8.55671
      25.9500      8.52284
      26.0500      8.48897
      26.1500      8.45511
      26.2500      8.42124
      26.3500      8.38737
      26.4500      8.35321
      26.5500      8.31900
      26.6500      8.28478
      26.7500      8.25056
      26.8500      8.21634
      26.9500      8.18213
      27.0500      8.14791
      27.1500      8.10974
      27.2500      8.06981
      27.3500      8.02988
      27.4500      7.98995
      27.5500      7.95002
      27.6500      7.91009
      27.7500      7.87016
      27.8500      7.83036
      27.9500      7.79079
      28.0500      7.75122
      28.1500      7.71165
      28.2500      7.67208
      28.3500      7.63251
      28.4500      7.59293
      28.5500      7.55336
      28.6500      7.51997
      28.7500      7.48774
      28.8500      7.45550
      28.9500      7.42327
      29.0500      7.39104
      29.1500      7.35881
      29.2500      7.32658
      29.3500      7.29540
      29.4500      7.27234
      29.5500      7.24927
      29.6500      7.22621
      29.7500      7.20315
      29.8500      7.18009
      29.9500      7.15703
      30.0500      7.13397
      30.1500      7.11095
      30.2500      7.08810
      30.3500      7.06525
      30.4500      7.04240
      30.5500      7.01955
      30.6500      6.99670
      30.7500      6.97385
      30.8500      6.95099
      30.9500      6.92809
      31.0500      6.90353
      31.1500      6.87897
      31.2500      6.85441
      31.3500      6.82985
      31.4500      6.80530
      31.5500      6.78074
      31.6500      6.75618
      31.7500      6.73162
      31.8500      6.70714
      31.9500      6.68269
      32.0500      6.65825
      32.1500      6.63381
      32.2500      6.60937
      32.3500      6.58493
      32.4500      6.56049
      32.5500      6.53604
      32.6500      6.51146
      32.7500      6.48493
      32.8500      6.45840
      32.9500      6.43187
      33.0500      6.40533
      33.1500      6.37880
      33.2500      6.35227
      33.3500      6.32573
      33.4500      6.29920
      33.5500      6.27252
      33.6500      6.24536
      33.7500      6.21820
      33.8500      6.19105
      33.9500      6.16389
      34.0500      6.13673
      34.1500      6.10957
      34.2500      6.08241
      34.3500      6.05525
      34.4500      6.02902
      34.5500      6.00738
      34.6500      5.98573
      34.7500      5.96409
      34.8500      5.94244
      34.9500      5.92079
      35.0500      5.89915
      35.1500      5.87750
      35.2500      5.85586
      35.3500      5.83421
      35.4500      5.81781
      35.5500      5.80228
      35.6500      5.78676
      35.7500      5.77124
      35.8500      5.75571
      35.9500      5.74019
      36.0500      5.72466
      36.1500      5.70914
      36.2500      5.69362
      36.3500      5.67813
      36.4500      5.66274
      36.5500      5.64734
      36.6500      5.63195
      36.7500      5.61656
      36.8500      5.60116
      36.9500      5.58577
      37.0500      5.57037
      37.1500      5.55498
      37.2500      5.53959
      37.3500      5.52426
      37.4500      5.50901
      37.5500      5.49376
      37.6500      5.47850
      37.7500      5.46325
      37.8500      5.44800
      37.9500      5.43275
      38.0500      5.41750
      38.1500      5.40225
      38.2500      5.38699
      38.3500      5.37163
      38.4500      5.35609
      38.5500      5.34055
      38.6500      5.32501
      38.7500      5.30947
      38.8500      5.29393
      38.9500      5.27839
      39.0500      5.26285
      39.1500      5.24730
      39.2500      5.23176
      39.3500      5.21621
      39.4500      5.20002
      39.5500      5.18382
      39.6500      5.16763
      39.7500      5.15143
      39.8500      5.13524
      39.9500      5.11904
      40.0500      5.10285
      40.1500      5.08666
      40.2500      5.07046
      40.3500      5.05427
      40.4500      5.03781
      40.5500      5.02091
      40.6500      5.00401
      40.7500      4.98711
      40.8500      4.97021
      40.9500      4.95331
      41.0500      4.93642
      41.1500      4.91952
      41.2500      4.90262
      41.3500      4.88572
      41.4500      4.86882
      41.5500      4.85158
      41.6500      4.83393
      41.7500      4.81627
      41.8500      4.79861
      41.9500      4.78095
      42.0500      4.76329
      42.1500      4.74563
      42.2500      4.72797
      42.3500      4.71031
      42.4500      4.69266
      42.5500      4.67500
      42.6500      4.65769
      42.7500      4.64173
      42.8500      4.62577
      42.9500      4.60982
      43.0500      4.59386
      43.1500      4.57790
      43.2500      4.56194
      43.3500      4.54598
      43.4500      4.53002
      43.5500      4.51406
      43.6500      4.49811
      43.7500      4.48215
      43.8500      4.46681
      43.9500      4.45176
      44.0500      4.43671
      44.1500      4.42166
      44.2500      4.40661
      44.3500      4.39155
      44.4500      4.37650
      44.5500      4.36145
      44.6500      4.34640
      44.7500      4.33134
      44.8500      4.31629
      44.9500      4.30124
      45.0500      4.28911
      45.1500      4.27753
      45.2500      4.26594
      45.3500      4.25435
      45.4500      4.24276
      45.5500      4.23117
      45.6500      4.21959
      45.7500      4.20800
      45.8500      4.19641
      45.9500      4.18482
      46.0500      4.17324
      46.1500      4.16165
      46.2500      4.15015
      46.3500      4.13870
      46.4500      4.12725
      46.5500      4.11579
      46.6500      4.10434
      46.7500      4.09289
      46.8500      4.08143
      46.9500      4.06998
      47.0500      4.05853
      47.1500      4.04707
      47.2500      4.03562
      47.3500      4.02417
      47.4500      4.01274
      47.5500      4.00140
      47.6500      3.99007
      47.7500      3.97874
      47.8500      3.96740
      47.9500      3.95607
      48.0500      3.94474
      48.1500      3.93341
      48.2500      3.92207
      48.3500      3.91074
      48.4500      3.89941
      48.5500      3.88807
      48.6500      3.87674
      48.7500      3.86528
      48.8500      3.85362
      48.9500      3.84195
      49.0500      3.83029
      49.1500      3.81862
      49.2500      3.80696
      49.3500      3.79529
      49.4500      3.78363
      49.5500      3.77196
      49.6500      3.76030
      49.7500      3.74863
      49.8500      3.73696
      49.9500      3.72530
      50.0500      3.71362
      50.1500      3.70185
      50.2500      3.69008
      50.3500      3.67831
      50.4500      3.66655
      50.5500      3.65478
      50.6500      3.64301
      50.7500      3.63125
      50.8500      3.61948
      50.9500      3.60771
      51.0500      3.59595
      51.1500      3.58418
      51.2500      3.57241
      51.3500      3.56064
      51.4500      3.54766
      51.5500      3.53404
      51.6500      3.52042
      51.7500      3.50679
      51.8500      3.49317
      51.9500      3.47955
      52.0500      3.46592
      52.1500      3.45230
      52.2500      3.43868
      52.3500      3.42506
      52.4500      3.41143
      52.5500      3.39781
      52.6500      3.38419
      52.7500      3.37057
      52.8500      3.35625
      52.9500      3.34172
      53.0500      3.32719
      53.1500      3.31266
      53.2500      3.29813
      53.3500      3.28360
      53.4500      3.26907
      53.5500      3.25454
      53.6500      3.24001
      53.7500      3.22548
      53.8500      3.21095
      53.9500      3.19642
      54.0500      3.18189
      54.1500      3.16736
      54.2500      3.15326
      54.3500      3.13961
      54.4500      3.12596
      54.5500      3.11230
      54.6500      3.09865
      54.7500      3.08500
      54.8500      3.07135
      54.9500      3.05770
      55.0500      3.04404
      55.1500      3.03039
      55.2500      3.01674
      55.3500      3.00309
      55.4500      2.98944
      55.5500      2.97579
      55.6500      2.96213
      55.7500      2.94948
      55.8500      2.93702
      55.9500      2.92456
      56.0500      2.91210
      56.1500      2.89964
      56.2500      2.88719
      56.3500      2.87473
      56.4500      2.86227
      56.5500      2.84981
      56.6500      2.83736
      56.7500      2.82490
      56.8500      2.81244
      56.9500      2.79998
      57.0500      2.78752
      57.1500      2.77507
      57.2500      2.76371
      57.3500      2.75269
      57.4500      2.74168
      57.5500      2.73066
      57.6500      2.71965
      57.7500      2.70864
      57.8500      2.69762
      57.9500      2.68661
      58.0500      2.67559
      58.1500      2.66458
      58.2500      2.65356
      58.3500      2.64255
      58.4500      2.63153
      58.5500      2.62052
      58.6500      2.60950
      58.7500      2.59968
      58.8500      2.59265
      58.9500      2.58563
      59.0500      2.57860
      59.1500      2.57157
      59.2500      2.56455
      59.3500      2.55752
      59.4500      2.55049
      59.5500      2.54346
      59.6500      2.53644
      59.7500      2.52941
      59.8500      2.52238
      59.9500      2.51536
      60.0500      2.50833
      60.1500      2.50130
      60.2500      2.49428
      60.3500      2.48615
      60.4500      2.47647
      60.5500      2.46680
      60.6500      2.45712
      60.7500      2.44744
      60.8500      2.43777
      60.9500      2.42809
      61.0500      2.41842
      61.1500      2.40874
      61.2500      2.39906
      61.3500      2.38939
      61.4500      2.37971
      61.5500      2.37004
      61.6500      2.36036
      61.7500      2.35068
      61.8500      2.34101
      61.9500      2.33130
      62.0500      2.32138
      62.1500      2.31146
      62.2500      2.30154
      62.3500      2.29162
      62.4500      2.28169
      62.5500      2.27177
      62.6500      2.26185
      62.7500      2.25193
      62.8500      2.24200
      62.9500      2.23208
      63.0500      2.22216
      63.1500      2.21224
      63.2500      2.20231
      63.3500      2.19239
      63.4500      2.18247
      63.5500      2.17255
      63.6500      2.16307
      63.7500      2.15436
      63.8500      2.14565
      63.9500      2.13693
      64.0500      2.12822
      64.1500      2.11951
      64.2500      2.11080
      64.3500      2.10209
      64.4500      2.09338
      64.5500      2.08467
      64.6500      2.07596
      64.7500      2.06725
      64.8500      2.05854
      64.9500      2.04983
      65.0500      2.04111
      65.1500      2.03240
      65.2500      2.02369
      65.3500      2.01529
      65.4500      2.00889
      65.5500      2.00249
      65.6500      1.99608
      65.7500      1.98968
      65.8500      1.98328
      65.9500      1.97688
      66.0500      1.97048
      66.1500      1.96408
      66.2500      1.95768
      66.3500      1.95128
      66.4500      1.94487
      66.5500      1.93847
      66.6500      1.93207
      66.7500      1.92567
      66.8500      1.91927
      66.9500      1.91287
      67.0500      1.90647
      67.1500      1.90016
      67.2500      1.89394
      67.3500      1.88772
      67.4500      1.88151
      67.5500      1.87529
      67.6500      1.86908
      67.7500      1.86286
      67.8500      1.85665
      67.9500      1.85043
      68.0500      1.84422
      68.1500      1.83800
      68.2500      1.83179
      68.3500      1.82557
      68.4500      1.81935
      68.5500      1.81314
      68.6500      1.80692
      68.7500      1.80071
      68.8500      1.79449
      68.9500      1.78819
      69.0500      1.78171
      69.1500      1.77523
      69.2500      1.76874
      69.3500      1.76226
      69.4500      1.75578
      69.5500      1.74930
      69.6500      1.74281
      69.7500      1.73633
      69.8500      1.72985
      69.9500      1.72337
      70.0500      1.71688
      70.1500      1.71040
      70.2500      1.70392
      70.3500      1.69744
      70.4500      1.69095
      70.5500      1.68447
      70.6500      1.67799
      70.7500      1.67150
      70.8500      1.66537
      70.9500      1.65937
      71.0500      1.65338
      71.1500      1.64738
      71.2500      1.64139
      71.3500      1.63540
      71.4500      1.62940
      71.5500      1.62341
      71.6500      1.61741
      71.7500      1.61142
      71.8500      1.60543
      71.9500      1.59943
      72.0500      1.59344
      72.1500      1.58744
      72.2500      1.58145
      72.3500      1.57545
      72.4500      1.56946
      72.5500      1.56347
      72.6500      1.55747
      72.7500      1.55213
      72.8500      1.54736
      72.9500      1.54259
      73.0500      1.53782
      73.1500      1.53305
      73.2500      1.52829
      73.3500      1.52352
      73.4500      1.51875
      73.5500      1.51398
      73.6500      1.50921
      73.7500      1.50444
      73.8500      1.49967
      73.9500      1.49490
      74.0500      1.49013
      74.1500      1.48537
      74.2500      1.48060
      74.3500      1.47583
      74.4500      1.47106
      74.5500      1.46629
      74.6500      1.46152
      74.7500      1.45679
      74.8500      1.45206
      74.9500      1.44734
      75.0500      1.44261
      75.1500      1.43789
      75.2500      1.43316
      75.3500      1.42843
      75.4500      1.42371
      75.5500      1.41898
      75.6500      1.41425
      75.7500      1.40953
      75.8500      1.40480
      75.9500      1.40008
      76.0500      1.39535
      76.1500      1.39062
      76.2500      1.38590
      76.3500      1.38117
      76.4500      1.37644
      76.5500      1.37172
      76.6500      1.36699
      76.7500      1.36286
      76.8500      1.35899
      76.9500      1.35512
      77.0500      1.35125
      77.1500      1.34739
      77.2500      1.34352
      77.3500      1.33965
      77.4500      1.33578
      77.5500      1.33191
      77.6500      1.32804
      77.7500      1.32418
      77.8500      1.32031
      77.9500      1.31644
      78.0500      1.31257
      78.1500      1.30870
      78.2500      1.30484
      78.3500      1.30097
      78.4500      1.29710
      78.5500      1.29323
      78.6500      1.28936
      78.7500      1.28549
      78.8500      1.28087
      78.9500      1.27620
      79.0500      1.27153
      79.1500      1.26686
      79.2500      1.26219
      79.3500      1.25752
      79.4500      1.25284
      79.5500      1.24817
      79.6500      1.24350
      79.7500      1.23883
      79.8500      1.23416
      79.9500      1.22949
      80.0500      1.22482
      80.1500      1.22015
      80.2500      1.21547
      80.3500      1.21080
      80.4500      1.20613
      80.5500      1.20146
      80.6500      1.19679
      80.7500      1.19212
      80.8500      1.18745
      80.9500      1.18255
      81.0500      1.17753
      81.1500      1.17252
      81.2500      1.16751
      81.3500      1.16249
      81.4500      1.15748
      81.5500      1.15247
      81.6500      1.14745
      81.7500      1.14244
      81.8500      1.13743
      81.9500      1.13241
      82.0500      1.12740
      82.1500      1.12239
      82.2500      1.11737
      82.3500      1.11236
      82.4500      1.10735
      82.5500      1.10233
      82.6500      1.09732
      82.7500      1.09231
      82.8500      1.08729
      82.9500      1.08228
      83.0500      1.07727
      83.1500      1.07314
      83.2500      1.06927
      83.3500      1.06540
      83.4500      1.06153
      83.5500      1.05766
      83.6500      1.05379
      83.7500      1.04993
      83.8500      1.04606
      83.9500      1.04219
      84.0500      1.03832
      84.1500      1.03445
      84.2500      1.03058
      84.3500      1.02672
      84.4500      1.02285
      84.5500      1.01898
      84.6500      1.01511
      84.7500      1.01124
      84.8500      1.00737
      84.9500      1.00351
      85.0500     0.999637
      85.1500     0.995769
      85.2500     0.991901
      85.3500     0.988118
      85.4500     0.984534
      85.5500     0.980951
      85.6500     0.977368
      85.7500     0.973784
      85.8500     0.970201
      85.9500     0.966617
      86.0500     0.963034
      86.1500     0.959450
      86.2500     0.955867
      86.3500     0.952283
      86.4500     0.948700
      86.5500     0.945117
      86.6500     0.941533
      86.7500     0.937950
      86.8500     0.934366
      86.9500     0.930783
      87.0500     0.927199
      87.1500     0.923616
      87.2500     0.920033
      87.3500     0.916449
      87.4500     0.912866
      87.5500     0.909282
      87.6500     0.905936
      87.7500     0.903535
      87.8500     0.901133
      87.9500     0.898731
      88.0500     0.896329
      88.1500     0.893927
      88.2500     0.891526
      88.3500     0.889124
      88.4500     0.886722
      88.5500     0.884320
      88.6500     0.881918
      88.7500     0.879517
      88.8500     0.877115
      88.9500     0.874713
      89.0500     0.872311
      89.1500     0.869909
      89.2500     0.867507
      89.3500     0.865106
      89.4500     0.862704
      89.5500     0.860302
      89.6500     0.857900
      89.7500     0.855498
      89.8500     0.853097
      89.9500     0.850695
      90.0500     0.848671
      90.1500     0.846973
      90.2500     0.845275
      90.3500     0.843577
      90.4500     0.841880
      90.5500     0.840182
      90.6500     0.838484
      90.7500     0.836787
      90.8500     0.835089
      90.9500     0.833391
      91.0500     0.831694
      91.1500     0.829996
      91.2500     0.828298
      91.3500     0.826600
      91.4500     0.824903
      91.5500     0.823205
      91.6500     0.821507
      91.7500     0.819810
      91.8500     0.818112
      91.9500     0.816414
      92.0500     0.814717
      92.1500     0.813019
      92.2500     0.811321
      92.3500     0.809623
      92.4500     0.807888
      92.5500     0.805979
      92.6500     0.804071
      92.7500     0.802162
      92.8500     0.800253
      92.9500     0.798344
      93.0500     0.796435
      93.1500     0.794527
      93.2500     0.792618
      93.3500     0.790709
      93.4500     0.788800
      93.5500     0.786891
      93.6500     0.784983
      93.7500     0.783074
      93.8500     0.781165
      93.9500     0.779256
      94.0500     0.777348
      94.1500     0.775439
      94.2500     0.773530
      94.3500     0.771621
      94.4500     0.769712
      94.5500     0.767804
      94.6500     0.765895
      94.7500     0.763986
      94.8500     0.762077
      94.9500     0.760190
      95.0500     0.758393
      95.1500     0.756596
      95.2500     0.754799
      95.3500     0.753002
      95.4500     0.751206
      95.5500     0.749409
      95.6500     0.747612
      95.7500     0.745815
      95.8500     0.744018
      95.9500     0.742221
      96.0500     0.740424
      96.1500     0.738627
      96.2500     0.736830
      96.3500     0.735033
      96.4500     0.733236
      96.5500     0.731439
      96.6500     0.729642
      96.7500     0.727845
      96.8500     0.726048
      96.9500     0.724252
      97.0500     0.722455
      97.1500     0.720658
      97.2500     0.718861
      97.3500     0.717064
      97.4500     0.715267
      97.5500     0.713572
      97.6500     0.711974
      97.7500     0.710377
      97.8500     0.708780
      97.9500     0.707182
      98.0500     0.705585
      98.1500     0.703988
      98.2500     0.702391
      98.3500     0.700793
      98.4500     0.699196
      98.5500     0.697599
      98.6500     0.696001
      98.7500     0.694404
      98.8500     0.692807
      98.9500     0.691209
      99.0500     0.689612
      99.1500     0.688015
      99.2500     0.686417
      99.3500     0.684820
      99.4500     0.683223
      99.5500     0.681625
      99.6500     0.680028
      99.7500     0.678431
      99.8500     0.676834
      99.9500     0.675236
      100.050     0.673639
      100.150     0.672075
      100.250     0.670741
      100.350     0.669407
      100.450     0.668074
      100.550     0.666740
      100.650     0.665406
      100.750     0.664072
      100.850     0.662738
      100.950     0.661405
      101.050     0.660071
      101.150     0.658737
      101.250     0.657403
      101.350     0.656069
      101.450     0.654736
      101.550     0.653402
      101.650     0.652068
      101.750     0.650734
      101.850     0.649400
      101.950     0.648067
      102.050     0.646733
      102.150     0.645399
      102.250     0.644065
      102.350     0.642731
      102.450     0.641397
      102.550     0.640064
      102.650     0.638730
      102.750     0.637396
      102.850     0.636134
      102.950     0.636409
      103.050     0.636684
      103.150     0.636959
      103.250     0.637234
      103.350     0.637509
      103.450     0.637784
      103.550     0.638059
      103.650     0.638334
      103.750     0.638609
      103.850     0.638884
      103.950     0.639159
      104.050     0.639434
      104.150     0.639709
      104.250     0.639984
      104.350     0.640259
      104.450     0.640534
      104.550     0.640809
      104.650     0.641084
      104.750     0.641359
      104.850     0.641634
      104.950     0.641909
      105.050     0.642184
      105.150     0.642459
      105.250     0.642734
      105.350     0.643009
      105.450     0.643284
      105.550     0.643559
      105.650     0.643816
      105.750     0.644025
      105.850     0.644235
      105.950     0.644444
      106.050     0.644653
      106.150     0.644862
      106.250     0.645071
      106.350     0.645281
      106.450     0.645490
      106.550     0.645699
      106.650     0.645908
      106.750     0.646117
      106.850     0.646327
      106.950     0.646536
      107.050     0.646745
      107.150     0.646954
      107.250     0.647163
      107.350     0.647373
      107.450     0.647582
      107.550     0.647791
      107.650     0.648000
      107.750     0.648209
      107.850     0.648419
      107.950     0.648628
      108.050     0.648837
      108.150     0.649046
      108.250     0.649255
      108.350     0.649465
      108.450     0.649674
      108.550     0.649843
      108.650     0.649997
      108.750     0.650150
      108.850     0.650303
      108.950     0.650457
      109.050     0.650610
      109.150     0.650764
      109.250     0.650917
      109.350     0.651070
      109.450     0.651224
      109.550     0.651377
      109.650     0.651530
      109.750     0.651684
      109.850     0.651837
      109.950     0.651990
      110.050     0.652144
      110.150     0.652297
      110.250     0.652450
      110.350     0.652604
      110.450     0.652757
      110.550     0.652910
      110.650     0.653064
      110.750     0.653217
      110.850     0.653370
      110.950     0.653524
      111.050     0.653677
      111.150     0.653830
      111.250     0.653984
      111.350     0.654137
      111.450     0.654133
      111.550     0.653851
      111.650     0.653570
      111.750     0.653288
      111.850     0.653006
      111.950     0.652725
      112.050     0.652443
      112.150     0.652162
      112.250     0.651880
      112.350     0.651599
      112.450     0.651317
      112.550     0.651036
      112.650     0.650754
      112.750     0.650472
      112.850     0.650191
      112.950     0.649909
      113.050     0.649628
      113.150     0.649346
      113.250     0.649065
      113.350     0.648783
      113.450     0.648502
      113.550     0.648220
      113.650     0.647939
      113.750     0.647657
      113.850     0.647375
      113.950     0.647094
      114.050     0.646812
      114.150     0.646531
      114.250     0.646249
      114.350     0.645968
      114.450     0.645638
      114.550     0.645151
      114.650     0.644663
      114.750     0.644175
      114.850     0.643688
      114.950     0.643200
      115.050     0.642712
      115.150     0.642224
      115.250     0.641737
      115.350     0.641249
      115.450     0.640761
      115.550     0.640274
      115.650     0.639786
      115.750     0.639298
      115.850     0.638810
      115.950     0.638323
      116.050     0.637835
      116.150     0.637347
      116.250     0.636860
      116.350     0.636372
      116.450     0.635884
      116.550     0.635396
      116.650     0.634909
      116.750     0.634421
      116.850     0.633933
      116.950     0.633446
      117.050     0.632958
      117.150     0.632470
      117.250     0.631982
      117.350     0.631495
      117.450     0.631007
      117.550     0.630714
      117.650     0.631169
      117.750     0.631625
      117.850     0.632081
      117.950     0.632537
      118.050     0.632992
      118.150     0.633448
      118.250     0.633904
      118.350     0.634359
      118.450     0.634815
      118.550     0.635271
      118.650     0.635726
      118.750     0.636182
      118.850     0.636638
      118.950     0.637094
      119.050     0.637549
      119.150     0.638005
      119.250     0.638461
      119.350     0.638916
      119.450     0.639372
      119.550     0.639828
      119.650     0.640283
      119.750     0.640739
      119.850     0.641195
      119.950     0.641650
      120.050     0.642106
      120.150     0.642562
      120.250     0.643018
      120.350     0.643473
      120.450     0.643929
      120.550     0.644385
      120.650     0.644840
      120.750     0.645052
      120.850     0.644886
      120.950     0.644719
      121.050     0.644553
      121.150     0.644387
      121.250     0.644220
      121.350     0.644054
      121.450     0.643888
      121.550     0.643721
      121.650     0.643555
      121.750     0.643388
      121.850     0.643222
      121.950     0.643056
      122.050     0.642889
      122.150     0.642723
      122.250     0.642557
      122.350     0.642390
      122.450     0.642224
      122.550     0.642057
      122.650     0.641891
      122.750     0.641725
      122.850     0.641558
      122.950     0.641392
      123.050     0.641226
      123.150     0.641059
      123.250     0.640893
      123.350     0.640726
      123.450     0.640560
      123.550     0.640394
      123.650     0.640227
      123.750     0.640061
      123.850     0.639894
      123.950     0.639728
