 1240 lines : MEGS A2 responsivity (electrons / photons) : includes Filter transmission & CCD response
 3 columns : Wavelength (nm), A2-Primary Filter (92 Al/ 24 Ge/ 32 C),  A2-Second Order Filter (170 Al/ 283 Mg/ 19 C)
    0.0500000      14.9770      14.9800
     0.150000      130.629      130.382
     0.250000      304.766      302.116
     0.350000      443.967      433.793
     0.450000      498.410      475.492
     0.550000      477.461      440.146
     0.650000      416.091      366.841
     0.750000      132.618      110.674
     0.850000      162.073      139.091
     0.950000      171.964      160.223
      1.05000      193.919      189.239
      1.15000      197.391      191.143
      1.25000      191.613      183.936
      1.35000      186.564      177.334
      1.45000      179.094      168.258
      1.55000      168.360      156.064
      1.65000      155.639      142.118
      1.75000      145.236      130.419
      1.85000      135.695      119.610
      1.95000      125.657      108.430
      2.05000      115.650      97.5494
      2.15000      105.797      87.0542
      2.25000      97.3531      77.9616
      2.35000      91.3433      71.0552
      2.45000      84.4264      63.6451
      2.55000      77.7744      56.7375
      2.65000      71.3548      50.2540
      2.75000      65.6726      44.5726
      2.85000      60.7142      39.6159
      2.95000      56.0825      35.0821
      3.05000      51.6896      30.9483
      3.15000      47.4954      27.1642
      3.25000      43.7097      23.8224
      3.35000      40.3543      20.9051
      3.45000      37.1745      18.2433
      3.55000      34.0899      15.7815
      3.65000      31.1548      13.5676
      3.75000      28.4984      11.6481
      3.85000      26.0821      9.98295
      3.95000      23.8121      8.51731
      4.05000      21.6787      7.23092
      4.15000      19.6814      6.10874
      4.25000      17.8743      5.15060
      4.35000      18.9509      4.71376
      4.45000      20.3174      4.38966
      4.55000      18.6535      3.68714
      4.65000      17.1521      3.09145
      4.75000      16.0157      2.64742
      4.85000      14.9934      2.26828
      4.95000      14.0246      1.93659
      5.05000      13.0724      1.64128
      5.15000      12.1191      1.38796
      5.25000      11.2235      1.17069
      5.35000      10.3826     0.981294
      5.45000      9.60925     0.821267
      5.55000      8.86856     0.687880
      5.65000      8.14734     0.568514
      5.75000      7.44789     0.464333
      5.85000      6.86621     0.385872
      5.95000      6.32293     0.316946
      6.05000      5.82849     0.260896
      6.15000      5.37199     0.215523
      6.25000      4.92945     0.174821
      6.35000      4.49417     0.142810
      6.45000      4.07279     0.114371
      6.55000      3.67145    0.0910801
      6.65000      3.30730    0.0727579
      6.75000      2.96085    0.0568005
      6.85000      2.67840    0.0459685
      6.95000      2.40937    0.0360288
      7.05000      2.22327    0.0302383
      7.15000      2.04409    0.0248103
      7.25000      1.89417    0.0209133
      7.35000      1.75917    0.0173976
      7.45000      1.66619    0.0149559
      7.55000      1.57579    0.0126991
      7.65000      1.49204    0.0109175
      7.75000      1.41228   0.00926706
      7.85000      1.34477   0.00801944
      7.95000      1.27891   0.00682933
      8.05000      1.22174   0.00594292
      8.15000      1.16469   0.00505935
      8.25000      1.11995   0.00444409
      8.35000      1.07520   0.00382883
      8.45000      1.03493   0.00335964
      8.55000     0.995704   0.00292472
      8.65000     0.958237   0.00255380
      8.75000     0.922262   0.00223718
      8.85000     0.886689   0.00193953
      8.95000     0.852537   0.00170871
      9.05000     0.818385   0.00147788
      9.15000     0.782790   0.00129623
      9.25000     0.746905   0.00112449
      9.35000     0.713152  0.000973154
      9.45000     0.682871  0.000855059
      9.55000     0.652591  0.000736964
      9.65000     0.627840  0.000652016
      9.75000     0.603998  0.000572514
      9.85000     0.584121  0.000503510
      9.95000     0.574710  0.000462207
      10.0500     0.565299  0.000420905
      10.1500     0.562746  0.000392638
      10.2500     0.564524  0.000372604
      10.3500     0.566303  0.000352569
      10.4500     0.567574  0.000335085
      10.5500     0.568782  0.000317917
      10.6500     0.569937  0.000300984
      10.7500     0.570536  0.000286491
      10.8500     0.571134  0.000271997
      10.9500     0.571506  0.000257935
      11.0500     0.571014  0.000245518
      11.1500     0.570521  0.000233101
      11.2500     0.569886  0.000221219
      11.3500     0.568821  0.000210952
      11.4500     0.567756  0.000200684
      11.5500     0.567382  0.000191001
      11.6500     0.569587  0.000183499
      11.7500     0.571793  0.000175996
      11.8500     0.574219  0.000168716
      11.9500     0.578735  0.000163543
      12.0500     0.583250  0.000158371
      12.1500     0.587766  0.000153198
      12.2500     0.592976  0.000149201
      12.3500     0.598272  0.000145350
      12.4500     0.603568  0.000141500
      12.5500     0.612073  0.000138693
      12.6500     0.622666  0.000136566
      12.7500     0.633260  0.000134439
      12.8500     0.642027  0.000132061
      12.9500     0.644601  0.000128830
      13.0500     0.647175  0.000125599
      13.1500     0.649749  0.000122368
      13.2500     0.651972  0.000119612
      13.3500     0.654084  0.000117008
      13.4500     0.656195  0.000114403
      13.5500     0.658070  0.000111884
      13.6500     0.658972  0.000109717
      13.7500     0.659875  0.000107550
      13.8500     0.660777  0.000105382
      13.9500     0.662287  0.000103713
      14.0500     0.664324  0.000102475
      14.1500     0.666361  0.000101237
      14.2500     0.668398  9.99993e-05
      14.3500     0.680444  0.000101919
      14.4500     0.695350  0.000104742
      14.5500     0.710256  0.000107564
      14.6500     0.725162  0.000110387
      14.7500     0.741579  0.000114260
      14.8500     0.758132  0.000118229
      14.9500     0.774686  0.000122198
      15.0500     0.791239  0.000126168
      15.1500     0.806407  0.000136908
      15.2500     0.821505  0.000147988
      15.3500     0.836604  0.000159067
      15.4500     0.851702  0.000170147
      15.5500     0.868424  0.000189341
      15.6500     0.885367  0.000209645
      15.7500     0.902311  0.000229949
      15.8500     0.919254  0.000250254
      15.9500     0.936608  0.000276612
      16.0500     0.954140  0.000305583
      16.1500     0.971672  0.000334555
      16.2500     0.989204  0.000363526
      16.3500      1.00562  0.000390337
      16.4500      1.02039  0.000413946
      16.5500      1.03516  0.000437555
      16.6500      1.04993  0.000461165
      16.7500      1.06471  0.000484774
      16.8500      1.84070   0.00246960
      16.9500      2.62353   0.00447206
      17.0500      3.40637   0.00647451
      17.1500      4.18920   0.00847697
      17.2500      4.58399   0.00972352
      17.3500      4.52399    0.0100842
      17.4500      4.46400    0.0104449
      17.5500      4.40400    0.0108056
      17.6500      4.34401    0.0111663
      17.7500      4.29771    0.0115719
      17.8500      4.25466    0.0119881
      17.9500      4.21160    0.0124043
      18.0500      4.16854    0.0128205
      18.1500      4.12573    0.0132386
      18.2500      4.09098    0.0137192
      18.3500      4.05622    0.0141997
      18.4500      4.02147    0.0146803
      18.5500      3.98672    0.0151608
      18.6500      3.95158    0.0156490
      18.7500      3.91364    0.0161925
      18.8500      3.87570    0.0167361
      18.9500      3.83776    0.0172796
      19.0500      3.79983    0.0178232
      19.1500      3.76203    0.0183701
      19.2500      3.72586    0.0189567
      19.3500      3.68969    0.0195433
      19.4500      3.65353    0.0201299
      19.5500      3.61736    0.0207164
      19.6500      3.58120    0.0213030
      19.7500      3.54856    0.0219378
      19.8500      3.51630    0.0225778
      19.9500      3.48405    0.0232177
      20.0500      3.45179    0.0238577
      20.1500      3.41953    0.0244977
      20.2500      3.39147    0.0255371
      20.3500      3.36638    0.0268604
      20.4500      3.34129    0.0281836
      20.5500      3.31621    0.0295069
      20.6500      3.29112    0.0308302
      20.7500      3.26687    0.0323119
      20.8500      3.24855    0.0349245
      20.9500      3.23023    0.0375371
      21.0500      3.21192    0.0401497
      21.1500      3.19360    0.0427623
      21.2500      3.17528    0.0453748
      21.3500      3.15415    0.0482766
      21.4500      3.13037    0.0514506
      21.5500      3.10658    0.0546245
      21.6500      3.08280    0.0577985
      21.7500      3.05902    0.0609725
      21.8500      3.03523    0.0641464
      21.9500      3.00912    0.0677208
      22.0500      2.98225    0.0714259
      22.1500      2.95538    0.0751310
      22.2500      2.92850    0.0788361
      22.3500      2.90163    0.0825412
      22.4500      2.87476    0.0862463
      22.5500      2.85081    0.0905526
      22.6500      2.82742    0.0949739
      22.7500      2.80403    0.0993953
      22.8500      2.78064     0.103817
      22.9500      2.75725     0.108238
      23.0500      2.73385     0.112659
      23.1500      2.70929     0.117432
      23.2500      2.68435     0.122316
      23.3500      2.65941     0.127200
      23.4500      2.63447     0.132083
      23.5500      2.60953     0.136967
      23.6500      2.58459     0.141851
      23.7500      2.55942     0.146891
      23.8500      2.53404     0.152075
      23.9500      2.50866     0.157259
      24.0500      2.48328     0.162443
      24.1500      2.45790     0.167628
      24.2500      2.43252     0.172812
      24.3500      2.40723     0.178015
      24.4500      2.38270     0.183369
      24.5500      2.35817     0.188723
      24.6500      2.33364     0.194077
      24.7500      2.30911     0.199431
      24.8500      2.28458     0.204785
      24.9500      2.26005     0.210139
      25.0500      2.23725     0.388634
      25.1500      2.21601     0.723660
      25.2500      2.19477      1.05869
      25.3500      2.17353      1.39371
      25.4500      2.15229      1.72874
      25.5500      2.13105      2.06376
      25.6500      2.10981      2.39879
      25.7500      2.09413      2.45876
      25.8500      2.08017      2.43387
      25.9500      2.06621      2.40898
      26.0500      2.05225      2.38409
      26.1500      2.03829      2.35920
      26.2500      2.02433      2.33431
      26.3500      2.01037      2.30942
      26.4500      1.99634      2.28666
      26.5500      1.98230      2.26435
      26.6500      1.96825      2.24205
      26.7500      1.95421      2.21974
      26.8500      1.94016      2.19744
      26.9500      1.92612      2.17514
      27.0500      1.91208      2.15283
      27.1500      1.89526      2.12997
      27.2500      1.87721      2.10686
      27.3500      1.85916      2.08375
      27.4500      1.84111      2.06063
      27.5500      1.82306      2.03752
      27.6500      1.80501      2.01441
      27.7500      1.78696      1.99130
      27.8500      1.76869      1.96841
      27.9500      1.75003      1.94591
      28.0500      1.73136      1.92340
      28.1500      1.71270      1.90090
      28.2500      1.69404      1.87839
      28.3500      1.67538      1.85589
      28.4500      1.65671      1.83338
      28.5500      1.63805      1.81087
      28.6500      1.62037      1.79088
      28.7500      1.60287      1.77136
      28.8500      1.58536      1.75184
      28.9500      1.56786      1.73231
      29.0500      1.55036      1.71279
      29.1500      1.53286      1.69327
      29.2500      1.51536      1.67375
      29.3500      1.49799      1.65458
      29.4500      1.48163      1.63819
      29.5500      1.46527      1.62179
      29.6500      1.44892      1.60539
      29.7500      1.43256      1.58900
      29.8500      1.41620      1.57260
      29.9500      1.39984      1.55620
      30.0500      1.38349      1.53980
      30.1500      1.36728      1.52360
      30.2500      1.35172      1.50823
      30.3500      1.33616      1.49286
      30.4500      1.32060      1.47749
      30.5500      1.30504      1.46212
      30.6500      1.28948      1.44674
      30.7500      1.27392      1.43137
      30.8500      1.25836      1.41600
      30.9500      1.24283      1.40067
      31.0500      1.22798      1.38642
      31.1500      1.21312      1.37217
      31.2500      1.19827      1.35792
      31.3500      1.18342      1.34367
      31.4500      1.16857      1.32941
      31.5500      1.15372      1.31516
      31.6500      1.13886      1.30091
      31.7500      1.12401      1.28666
      31.8500      1.11028      1.27348
      31.9500      1.09713      1.26085
      32.0500      1.08397      1.24822
      32.1500      1.07082      1.23559
      32.2500      1.05766      1.22296
      32.3500      1.04451      1.21032
      32.4500      1.03136      1.19769
      32.5500      1.01820      1.18506
      32.6500      1.00503      1.17246
      32.7500     0.991553      1.16029
      32.8500     0.978080      1.14813
      32.9500     0.964607      1.13596
      33.0500     0.951133      1.12379
      33.1500     0.937660      1.11162
      33.2500     0.924187      1.09945
      33.3500     0.910713      1.08729
      33.4500     0.897240      1.07512
      33.5500     0.883931      1.06313
      33.6500     0.871151      1.05170
      33.7500     0.858372      1.04027
      33.8500     0.845592      1.02884
      33.9500     0.832812      1.01741
      34.0500     0.820032      1.00598
      34.1500     0.807252     0.994556
      34.2500     0.794473     0.983127
      34.3500     0.781693     0.971699
      34.4500     0.769223     0.960545
      34.5500     0.758293     0.950758
      34.6500     0.747362     0.940970
      34.7500     0.736432     0.931183
      34.8500     0.725501     0.921395
      34.9500     0.714571     0.911608
      35.0500     0.703641     0.901820
      35.1500     0.692710     0.892033
      35.2500     0.681780     0.882245
      35.3500     0.670850     0.872458
      35.4500     0.661216     0.863898
      35.5500     0.651801     0.855545
      35.6500     0.642387     0.847192
      35.7500     0.632972     0.838839
      35.8500     0.623557     0.830486
      35.9500     0.614142     0.822133
      36.0500     0.604727     0.813780
      36.1500     0.595313     0.805427
      36.2500     0.585898     0.797074
      36.3500     0.576754     0.788921
      36.4500     0.568265     0.781249
      36.5500     0.559776     0.773577
      36.6500     0.551288     0.765905
      36.7500     0.542799     0.758233
      36.8500     0.534310     0.750561
      36.9500     0.525822     0.742890
      37.0500     0.517333     0.735218
      37.1500     0.508844     0.727546
      37.2500     0.500355     0.719874
      37.3500     0.492635     0.712660
      37.4500     0.485790     0.705968
      37.5500     0.478945     0.699275
      37.6500     0.472100     0.692583
      37.7500     0.465255     0.685891
      37.8500     0.458410     0.679199
      37.9500     0.451565     0.672506
      38.0500     0.444721     0.665814
      38.1500     0.437876     0.659122
      38.2500     0.431031     0.652430
      38.3500     0.425236     0.645916
      38.4500     0.421154     0.639694
      38.5500     0.417071     0.633473
      38.6500     0.412989     0.627251
      38.7500     0.408907     0.621029
      38.8500     0.404825     0.614807
      38.9500     0.400743     0.608585
      39.0500     0.396661     0.602364
      39.1500     0.392579     0.596142
      39.2500     0.388497     0.589920
      39.3500     0.384453     0.583706
      39.4500     0.382313     0.577901
      39.5500     0.380173     0.572096
      39.6500     0.378033     0.566291
      39.7500     0.375894     0.560486
      39.8500     0.373754     0.554681
      39.9500     0.371614     0.548876
      40.0500     0.369474     0.543071
      40.1500     0.367334     0.537266
      40.2500     0.365194     0.531461
      40.3500     0.363054     0.525656
      40.4500     0.361697     0.520006
      40.5500     0.361654     0.514616
      40.6500     0.361610     0.509226
      40.7500     0.361567     0.503836
      40.8500     0.361524     0.498446
      40.9500     0.361481     0.493056
      41.0500     0.361438     0.487666
      41.1500     0.361395     0.482276
      41.2500     0.361352     0.476886
      41.3500     0.361309     0.471496
      41.4500     0.361266     0.466106
      41.5500     0.360431     0.460944
      41.6500     0.358590     0.456074
      41.7500     0.356750     0.451203
      41.8500     0.354909     0.446332
      41.9500     0.353068     0.441461
      42.0500     0.351227     0.436590
      42.1500     0.349386     0.431720
      42.2500     0.347546     0.426849
      42.3500     0.345705     0.421978
      42.4500     0.343864     0.417107
      42.5500     0.342023     0.412237
      42.6500     0.339965     0.407492
      42.7500     0.337080     0.403227
      42.8500     0.334195     0.398962
      42.9500     0.331309     0.394697
      43.0500     0.328424     0.390432
      43.1500     0.325538     0.386167
      43.2500     0.322653     0.381902
      43.3500     0.319768     0.377637
      43.4500     0.316882     0.373372
      43.5500     0.313997     0.369107
      43.6500     0.311112     0.364842
      43.7500     0.308226     0.360577
      43.8500     0.304733     0.356648
      43.9500     0.300968     0.352869
      44.0500     0.297202     0.349090
      44.1500     0.293437     0.345311
      44.2500     0.289672     0.341533
      44.3500     0.285906     0.337754
      44.4500     0.282141     0.333975
      44.5500     0.278376     0.330196
      44.6500     0.274610     0.326417
      44.7500     0.270845     0.322639
      44.8500     0.267080     0.318860
      44.9500     0.263315     0.315081
      45.0500     0.259805     0.311975
      45.1500     0.256342     0.308993
      45.2500     0.252879     0.306011
      45.3500     0.249417     0.303029
      45.4500     0.245954     0.300047
      45.5500     0.242491     0.297065
      45.6500     0.239028     0.294083
      45.7500     0.235566     0.291101
      45.8500     0.232103     0.288119
      45.9500     0.228640     0.285138
      46.0500     0.225178     0.282156
      46.1500     0.221715     0.279174
      46.2500     0.218562     0.276324
      46.3500     0.215553     0.273536
      46.4500     0.212544     0.270747
      46.5500     0.209534     0.267959
      46.6500     0.206525     0.265171
      46.7500     0.203516     0.262383
      46.8500     0.200507     0.259594
      46.9500     0.197497     0.256806
      47.0500     0.194488     0.254018
      47.1500     0.191479     0.251229
      47.2500     0.188470     0.248441
      47.3500     0.185460     0.245653
      47.4500     0.182540     0.242922
      47.5500     0.179994     0.240434
      47.6500     0.177448     0.237945
      47.7500     0.174902     0.235457
      47.8500     0.172356     0.232969
      47.9500     0.169810     0.230480
      48.0500     0.167264     0.227992
      48.1500     0.164718     0.225504
      48.2500     0.162172     0.223015
      48.3500     0.159626     0.220527
      48.4500     0.157080     0.218039
      48.5500     0.154534     0.215551
      48.6500     0.151988     0.213062
      48.7500     0.149579     0.210677
      48.8500     0.147406     0.208466
      48.9500     0.145232     0.206256
      49.0500     0.143059     0.204046
      49.1500     0.140886     0.201836
      49.2500     0.138713     0.199626
      49.3500     0.136539     0.197416
      49.4500     0.134366     0.195206
      49.5500     0.132193     0.192996
      49.6500     0.130020     0.190786
      49.7500     0.127846     0.188576
      49.8500     0.125673     0.186365
      49.9500     0.123500     0.184155
      50.0500     0.121378     0.181990
      50.1500     0.119498     0.180035
      50.2500     0.117617     0.178080
      50.3500     0.115736     0.176125
      50.4500     0.113855     0.174170
      50.5500     0.111975     0.172215
      50.6500     0.110094     0.170260
      50.7500     0.108213     0.168306
      50.8500     0.106332     0.166350
      50.9500     0.104452     0.164395
      51.0500     0.102571     0.162440
      51.1500     0.100690     0.160486
      51.2500    0.0988094     0.158531
      51.3500    0.0969287     0.156576
      51.4500    0.0952510     0.154741
      51.5500    0.0936799     0.152970
      51.6500    0.0921088     0.151199
      51.7500    0.0905377     0.149428
      51.8500    0.0889666     0.147657
      51.9500    0.0873955     0.145886
      52.0500    0.0858244     0.144115
      52.1500    0.0842533     0.142344
      52.2500    0.0826821     0.140573
      52.3500    0.0811110     0.138802
      52.4500    0.0795399     0.137031
      52.5500    0.0779688     0.135260
      52.6500    0.0763977     0.133489
      52.7500    0.0748266     0.131718
      52.8500    0.0735219     0.130152
      52.9500    0.0722986     0.128648
      53.0500    0.0710753     0.127144
      53.1500    0.0698521     0.125641
      53.2500    0.0686288     0.124137
      53.3500    0.0674055     0.122633
      53.4500    0.0661822     0.121129
      53.5500    0.0649590     0.119626
      53.6500    0.0637357     0.118122
      53.7500    0.0625124     0.116618
      53.8500    0.0612891     0.115114
      53.9500    0.0600659     0.113611
      54.0500    0.0588426     0.112107
      54.1500    0.0576193     0.110603
      54.2500    0.0565872     0.109276
      54.3500    0.0557591     0.108138
      54.4500    0.0549310     0.106999
      54.5500    0.0541030     0.105861
      54.6500    0.0532749     0.104723
      54.7500    0.0524469     0.103584
      54.8500    0.0516188     0.102446
      54.9500    0.0507907     0.101308
      55.0500    0.0499627     0.100169
      55.1500    0.0491346    0.0990310
      55.2500    0.0483065    0.0978926
      55.3500    0.0474785    0.0967543
      55.4500    0.0466504    0.0956160
      55.5500    0.0458224    0.0944776
      55.6500    0.0449943    0.0933393
      55.7500    0.0443084    0.0923488
      55.8500    0.0436513    0.0913881
      55.9500    0.0429941    0.0904275
      56.0500    0.0423370    0.0894668
      56.1500    0.0416798    0.0885062
      56.2500    0.0410227    0.0875455
      56.3500    0.0403655    0.0865849
      56.4500    0.0397084    0.0856242
      56.5500    0.0390512    0.0846636
      56.6500    0.0383941    0.0837029
      56.7500    0.0377369    0.0827423
      56.8500    0.0370798    0.0817816
      56.9500    0.0364226    0.0808210
      57.0500    0.0357655    0.0798603
      57.1500    0.0351083    0.0788997
      57.2500    0.0345606    0.0780626
      57.3500    0.0340470    0.0772643
      57.4500    0.0335335    0.0764659
      57.5500    0.0330199    0.0756675
      57.6500    0.0325064    0.0748692
      57.7500    0.0319928    0.0740708
      57.8500    0.0314793    0.0732724
      57.9500    0.0309658    0.0724741
      58.0500    0.0304522    0.0716757
      58.1500    0.0299387    0.0708774
      58.2500    0.0294251    0.0700790
      58.3500    0.0289116    0.0692806
      58.4500    0.0283980    0.0684823
      58.5500    0.0278845    0.0676839
      58.6500    0.0273709    0.0668855
      58.7500    0.0269016    0.0661471
      58.8500    0.0265363    0.0655496
      58.9500    0.0261709    0.0649521
      59.0500    0.0258056    0.0643546
      59.1500    0.0254403    0.0637571
      59.2500    0.0250750    0.0631596
      59.3500    0.0247096    0.0625621
      59.4500    0.0243443    0.0619646
      59.5500    0.0239790    0.0613671
      59.6500    0.0236137    0.0607696
      59.7500    0.0232483    0.0601721
      59.8500    0.0228830    0.0595746
      59.9500    0.0225177    0.0589771
      60.0500    0.0221524    0.0583796
      60.1500    0.0217870    0.0577821
      60.2500    0.0214217    0.0571846
      60.3500    0.0211026    0.0566337
      60.4500    0.0208484    0.0561484
      60.5500    0.0205943    0.0556632
      60.6500    0.0203401    0.0551779
      60.7500    0.0200860    0.0546926
      60.8500    0.0198318    0.0542073
      60.9500    0.0195777    0.0537220
      61.0500    0.0193235    0.0532367
      61.1500    0.0190693    0.0527515
      61.2500    0.0188152    0.0522662
      61.3500    0.0185610    0.0517809
      61.4500    0.0183069    0.0512956
      61.5500    0.0180527    0.0508103
      61.6500    0.0177986    0.0503250
      61.7500    0.0175444    0.0498398
      61.8500    0.0172902    0.0493545
      61.9500    0.0170435    0.0488792
      62.0500    0.0168543    0.0484809
      62.1500    0.0166652    0.0480827
      62.2500    0.0164760    0.0476845
      62.3500    0.0162868    0.0472863
      62.4500    0.0160976    0.0468881
      62.5500    0.0159084    0.0464899
      62.6500    0.0157193    0.0460917
      62.7500    0.0155301    0.0456935
      62.8500    0.0153409    0.0452952
      62.9500    0.0151517    0.0448970
      63.0500    0.0149625    0.0444988
      63.1500    0.0147733    0.0441006
      63.2500    0.0145842    0.0437024
      63.3500    0.0143950    0.0433042
      63.4500    0.0142058    0.0429060
      63.5500    0.0140166    0.0425078
      63.6500    0.0138406    0.0421327
      63.7500    0.0136875    0.0417980
      63.8500    0.0135343    0.0414633
      63.9500    0.0133812    0.0411285
      64.0500    0.0132281    0.0407938
      64.1500    0.0130750    0.0404591
      64.2500    0.0129218    0.0401243
      64.3500    0.0127687    0.0397896
      64.4500    0.0126156    0.0394548
      64.5500    0.0124625    0.0391201
      64.6500    0.0123093    0.0387854
      64.7500    0.0121562    0.0384506
      64.8500    0.0120031    0.0381159
      64.9500    0.0118500    0.0377812
      65.0500    0.0116968    0.0374464
      65.1500    0.0115437    0.0371117
      65.2500    0.0113906    0.0367770
      65.3500    0.0112423    0.0364520
      65.4500    0.0111259    0.0361912
      65.5500    0.0110095    0.0359303
      65.6500    0.0108931    0.0356695
      65.7500    0.0107767    0.0354086
      65.8500    0.0106603    0.0351478
      65.9500    0.0105439    0.0348870
      66.0500    0.0104274    0.0346261
      66.1500    0.0103110    0.0343653
      66.2500    0.0101946    0.0341044
      66.3500    0.0100782    0.0338436
      66.4500   0.00996180    0.0335828
      66.5500   0.00984539    0.0333219
      66.6500   0.00972898    0.0330611
      66.7500   0.00961257    0.0328002
      66.8500   0.00949616    0.0325394
      66.9500   0.00937974    0.0322785
      67.0500   0.00926333    0.0320177
      67.1500   0.00915735    0.0317711
      67.2500   0.00906244    0.0315397
      67.3500   0.00896752    0.0313083
      67.4500   0.00887261    0.0310770
      67.5500   0.00877770    0.0308456
      67.6500   0.00868278    0.0306142
      67.7500   0.00858787    0.0303828
      67.8500   0.00849296    0.0301514
      67.9500   0.00839804    0.0299200
      68.0500   0.00830313    0.0296886
      68.1500   0.00820822    0.0294572
      68.2500   0.00811331    0.0292258
      68.3500   0.00801839    0.0289944
      68.4500   0.00792348    0.0287630
      68.5500   0.00782857    0.0285316
      68.6500   0.00773365    0.0283002
      68.7500   0.00763874    0.0280688
      68.8500   0.00754383    0.0278374
      68.9500   0.00745546    0.0276116
      69.0500   0.00738112    0.0273977
      69.1500   0.00730678    0.0271838
      69.2500   0.00723244    0.0269699
      69.3500   0.00715810    0.0267560
      69.4500   0.00708376    0.0265421
      69.5500   0.00700942    0.0263282
      69.6500   0.00693508    0.0261143
      69.7500   0.00686074    0.0259003
      69.8500   0.00678640    0.0256864
      69.9500   0.00671206    0.0254725
      70.0500   0.00663772    0.0252586
      70.1500   0.00656338    0.0250447
      70.2500   0.00648904    0.0248308
      70.3500   0.00641470    0.0246169
      70.4500   0.00634036    0.0244030
      70.5500   0.00626602    0.0241891
      70.6500   0.00619168    0.0239752
      70.7500   0.00611734    0.0237613
      70.8500   0.00605586    0.0235711
      70.9500   0.00599972    0.0233908
      71.0500   0.00594358    0.0232106
      71.1500   0.00588745    0.0230303
      71.2500   0.00583131    0.0228500
      71.3500   0.00577517    0.0226697
      71.4500   0.00571904    0.0224894
      71.5500   0.00566290    0.0223091
      71.6500   0.00560676    0.0221289
      71.7500   0.00555062    0.0219486
      71.8500   0.00549449    0.0217683
      71.9500   0.00543835    0.0215880
      72.0500   0.00538221    0.0214077
      72.1500   0.00532608    0.0212275
      72.2500   0.00526994    0.0210472
      72.3500   0.00521380    0.0208669
      72.4500   0.00515766    0.0206866
      72.5500   0.00510153    0.0205063
      72.6500   0.00504539    0.0203260
      72.7500   0.00499349    0.0201502
      72.8500   0.00494532    0.0199783
      72.9500   0.00489715    0.0198063
      73.0500   0.00484898    0.0196344
      73.1500   0.00480081    0.0194624
      73.2500   0.00475265    0.0192905
      73.3500   0.00470448    0.0191186
      73.4500   0.00465631    0.0189466
      73.5500   0.00460814    0.0187747
      73.6500   0.00455998    0.0186027
      73.7500   0.00451181    0.0184308
      73.8500   0.00446364    0.0182589
      73.9500   0.00441547    0.0180869
      74.0500   0.00436730    0.0179150
      74.1500   0.00431914    0.0177430
      74.2500   0.00427097    0.0175711
      74.3500   0.00422280    0.0173992
      74.4500   0.00417463    0.0172272
      74.5500   0.00412647    0.0170553
      74.6500   0.00407830    0.0168834
      74.7500   0.00403502    0.0167173
      74.8500   0.00399245    0.0165521
      74.9500   0.00394988    0.0163868
      75.0500   0.00390731    0.0162216
      75.1500   0.00386474    0.0160564
      75.2500   0.00382217    0.0158912
      75.3500   0.00377960    0.0157260
      75.4500   0.00373703    0.0155607
      75.5500   0.00369446    0.0153955
      75.6500   0.00365189    0.0152303
      75.7500   0.00360932    0.0150651
      75.8500   0.00356675    0.0148999
      75.9500   0.00352418    0.0147346
      76.0500   0.00348161    0.0145694
      76.1500   0.00343904    0.0144042
      76.2500   0.00339647    0.0142390
      76.3500   0.00335390    0.0140738
      76.4500   0.00331133    0.0139085
      76.5500   0.00326876    0.0137433
      76.6500   0.00322619    0.0135781
      76.7500   0.00319436    0.0134367
      76.8500   0.00316732    0.0133059
      76.9500   0.00314028    0.0131751
      77.0500   0.00311323    0.0130443
      77.1500   0.00308619    0.0129135
      77.2500   0.00305915    0.0127827
      77.3500   0.00303211    0.0126519
      77.4500   0.00300507    0.0125211
      77.5500   0.00297803    0.0123903
      77.6500   0.00295099    0.0122596
      77.7500   0.00292395    0.0121288
      77.8500   0.00289691    0.0119980
      77.9500   0.00286987    0.0118672
      78.0500   0.00284283    0.0117364
      78.1500   0.00281579    0.0116056
      78.2500   0.00278875    0.0114748
      78.3500   0.00276171    0.0113440
      78.4500   0.00273467    0.0112132
      78.5500   0.00270763    0.0110824
      78.6500   0.00268059    0.0109516
      78.7500   0.00265355    0.0108208
      78.8500   0.00261163    0.0105894
      78.9500   0.00256875    0.0103513
      79.0500   0.00252586    0.0101133
      79.1500   0.00248297   0.00987529
      79.2500   0.00244009   0.00963727
      79.3500   0.00239720   0.00939924
      79.4500   0.00235432   0.00916122
      79.5500   0.00231143   0.00892320
      79.6500   0.00226855   0.00868517
      79.7500   0.00222566   0.00844715
      79.8500   0.00218277   0.00820912
      79.9500   0.00213989   0.00797110
      80.0500   0.00209700   0.00773307
      80.1500   0.00205412   0.00749505
      80.2500   0.00201123   0.00725702
      80.3500   0.00196835   0.00701900
      80.4500   0.00192546   0.00678098
      80.5500   0.00188258   0.00654295
      80.6500   0.00183969   0.00630493
      80.7500   0.00179680   0.00606690
      80.8500   0.00175392   0.00582888
      80.9500   0.00170180   0.00559506
      81.0500   0.00164505   0.00536337
      81.1500   0.00158830   0.00513167
      81.2500   0.00153155   0.00489997
      81.3500   0.00147480   0.00466827
      81.4500   0.00141805   0.00443657
      81.5500   0.00136130   0.00420487
      81.6500   0.00130455   0.00397317
      81.7500   0.00124780   0.00374147
      81.8500   0.00119105   0.00350977
      81.9500   0.00113430   0.00327807
      82.0500   0.00107756   0.00304637
      82.1500   0.00102081   0.00281467
      82.2500  0.000964056   0.00258297
      82.3500  0.000907307   0.00235127
      82.4500  0.000850557   0.00211957
      82.5500  0.000793807   0.00188788
      82.6500  0.000737058   0.00165618
      82.7500  0.000680308   0.00142448
      82.8500  0.000623559   0.00119278
      82.9500  0.000566809  0.000961078
      83.0500  0.000510059  0.000729379
      83.1500  0.000481924  0.000653210
      83.2500  0.000462387  0.000623781
      83.3500  0.000442851  0.000594353
      83.4500  0.000423315  0.000564924
      83.5500  0.000403778  0.000535496
      83.6500  0.000384242  0.000506067
      83.7500  0.000364705  0.000476639
      83.8500  0.000345169  0.000447210
      83.9500  0.000325632  0.000417782
      84.0500  0.000306096  0.000388353
      84.1500  0.000286560  0.000358925
      84.2500  0.000267023  0.000329496
      84.3500  0.000247487  0.000300068
      84.4500  0.000227950  0.000270639
      84.5500  0.000208414  0.000241211
      84.6500  0.000188878  0.000211782
      84.7500  0.000169341  0.000182354
      84.8500  0.000149805  0.000152925
      84.9500  0.000130268  0.000123497
      85.0500  0.000110732  9.40684e-05
      85.1500  9.11954e-05  6.46399e-05
      85.2500  7.16590e-05  3.52114e-05
      85.3500  5.74850e-05  1.44417e-05
      85.4500  5.58425e-05  1.39065e-05
      85.5500  5.42000e-05  1.33713e-05
      85.6500  5.25574e-05  1.28361e-05
      85.7500  5.09149e-05  1.23009e-05
      85.8500  4.92724e-05  1.17657e-05
      85.9500  4.76298e-05  1.12305e-05
      86.0500  4.59873e-05  1.06953e-05
      86.1500  4.43448e-05  1.01601e-05
      86.2500  4.27023e-05  9.62489e-06
      86.3500  4.10597e-05  9.08970e-06
      86.4500  3.94172e-05  8.55450e-06
      86.5500  3.77747e-05  8.01930e-06
      86.6500  3.61321e-05  7.48410e-06
      86.7500  3.44896e-05  6.94890e-06
      86.8500  3.28471e-05  6.41370e-06
      86.9500  3.12046e-05  5.87851e-06
      87.0500  2.95620e-05  5.34331e-06
      87.1500  2.79195e-05  4.80811e-06
      87.2500  2.62770e-05  4.27291e-06
      87.3500  2.46344e-05  3.73771e-06
      87.4500  2.29919e-05  3.20252e-06
      87.5500  2.13494e-05  2.66732e-06
      87.6500  1.99594e-05  2.22745e-06
      87.7500  1.95719e-05  2.16610e-06
      87.8500  1.91845e-05  2.10476e-06
      87.9500  1.87971e-05  2.04341e-06
      88.0500  1.84097e-05  1.98206e-06
      88.1500  1.80223e-05  1.92072e-06
      88.2500  1.76349e-05  1.85937e-06
      88.3500  1.72475e-05  1.79803e-06
      88.4500  1.68601e-05  1.73668e-06
      88.5500  1.64726e-05  1.67534e-06
      88.6500  1.60852e-05  1.61399e-06
      88.7500  1.56978e-05  1.55265e-06
      88.8500  1.53104e-05  1.49130e-06
      88.9500  1.49230e-05  1.42996e-06
      89.0500  1.45356e-05  1.36861e-06
      89.1500  1.41482e-05  1.30727e-06
      89.2500  1.37608e-05  1.24592e-06
      89.3500  1.33734e-05  1.18458e-06
      89.4500  1.29859e-05  1.12323e-06
      89.5500  1.25985e-05  1.06189e-06
      89.6500  1.22111e-05  1.00054e-06
      89.7500  1.18237e-05  9.39196e-07
      89.8500  1.14363e-05  8.77851e-07
      89.9500  1.10489e-05  8.16506e-07
      90.0500  1.07651e-05  7.77355e-07
      90.1500  1.05708e-05  7.57396e-07
      90.2500  1.03765e-05  7.37437e-07
      90.3500  1.01823e-05  7.17479e-07
      90.4500  9.98799e-06  6.97520e-07
      90.5500  9.79372e-06  6.77561e-07
      90.6500  9.59945e-06  6.57603e-07
      90.7500  9.40518e-06  6.37644e-07
      90.8500  9.21092e-06  6.17685e-07
      90.9500  9.01665e-06  5.97727e-07
      91.0500  8.82238e-06  5.77768e-07
      91.1500  8.62811e-06  5.57809e-07
      91.2500  8.43385e-06  5.37851e-07
      91.3500  8.23958e-06  5.17892e-07
      91.4500  8.04531e-06  4.97933e-07
      91.5500  7.85104e-06  4.77974e-07
      91.6500  7.65678e-06  4.58016e-07
      91.7500  7.46251e-06  4.38057e-07
      91.8500  7.26824e-06  4.18098e-07
      91.9500  7.07397e-06  3.98140e-07
      92.0500  6.87971e-06  3.78181e-07
      92.1500  6.68544e-06  3.58222e-07
      92.2500  6.49117e-06  3.38264e-07
      92.3500  6.29691e-06  3.18305e-07
      92.4500  6.12195e-06  3.00752e-07
      92.5500  6.03591e-06  2.94272e-07
      92.6500  5.94986e-06  2.87793e-07
      92.7500  5.86382e-06  2.81313e-07
      92.8500  5.77777e-06  2.74834e-07
      92.9500  5.69173e-06  2.68354e-07
      93.0500  5.60568e-06  2.61874e-07
      93.1500  5.51964e-06  2.55395e-07
      93.2500  5.43359e-06  2.48915e-07
      93.3500  5.34755e-06  2.42436e-07
      93.4500  5.26150e-06  2.35956e-07
      93.5500  5.17546e-06  2.29476e-07
      93.6500  5.08941e-06  2.22997e-07
      93.7500  5.00337e-06  2.16517e-07
      93.8500  4.91732e-06  2.10038e-07
      93.9500  4.83128e-06  2.03558e-07
      94.0500  4.74523e-06  1.97078e-07
      94.1500  4.65919e-06  1.90599e-07
      94.2500  4.57314e-06  1.84119e-07
      94.3500  4.48710e-06  1.77640e-07
      94.4500  4.40105e-06  1.71160e-07
      94.5500  4.31501e-06  1.64680e-07
      94.6500  4.22896e-06  1.58201e-07
      94.7500  4.14292e-06  1.51721e-07
      94.8500  4.05687e-06  1.45242e-07
      94.9500  3.97680e-06  1.39446e-07
      95.0500  3.92169e-06  1.36511e-07
      95.1500  3.86659e-06  1.33576e-07
      95.2500  3.81149e-06  1.30641e-07
      95.3500  3.75639e-06  1.27706e-07
      95.4500  3.70128e-06  1.24770e-07
      95.5500  3.64618e-06  1.21835e-07
      95.6500  3.59108e-06  1.18900e-07
      95.7500  3.53597e-06  1.15965e-07
      95.8500  3.48087e-06  1.13030e-07
      95.9500  3.42577e-06  1.10095e-07
      96.0500  3.37067e-06  1.07160e-07
      96.1500  3.31556e-06  1.04225e-07
      96.2500  3.26046e-06  1.01290e-07
      96.3500  3.20536e-06  9.83544e-08
      96.4500  3.15026e-06  9.54193e-08
      96.5500  3.09515e-06  9.24842e-08
      96.6500  3.04005e-06  8.95491e-08
      96.7500  2.98495e-06  8.66140e-08
      96.8500  2.92984e-06  8.36788e-08
      96.9500  2.87474e-06  8.07437e-08
      97.0500  2.81964e-06  7.78086e-08
      97.1500  2.76454e-06  7.48735e-08
      97.2500  2.70943e-06  7.19384e-08
      97.3500  2.65433e-06  6.90032e-08
      97.4500  2.59923e-06  6.60681e-08
      97.5500  2.55760e-06  6.40029e-08
      97.6500  2.52891e-06  6.27742e-08
      97.7500  2.50023e-06  6.15454e-08
      97.8500  2.47155e-06  6.03166e-08
      97.9500  2.44287e-06  5.90878e-08
      98.0500  2.41419e-06  5.78590e-08
      98.1500  2.38551e-06  5.66302e-08
      98.2500  2.35683e-06  5.54014e-08
      98.3500  2.32815e-06  5.41726e-08
      98.4500  2.29947e-06  5.29439e-08
      98.5500  2.27079e-06  5.17151e-08
      98.6500  2.24211e-06  5.04863e-08
      98.7500  2.21342e-06  4.92575e-08
      98.8500  2.18474e-06  4.80287e-08
      98.9500  2.15606e-06  4.67999e-08
      99.0500  2.12738e-06  4.55711e-08
      99.1500  2.09870e-06  4.43424e-08
      99.2500  2.07002e-06  4.31136e-08
      99.3500  2.04134e-06  4.18848e-08
      99.4500  2.01266e-06  4.06560e-08
      99.5500  1.98398e-06  3.94272e-08
      99.6500  1.95530e-06  3.81984e-08
      99.7500  1.92662e-06  3.69696e-08
      99.8500  1.89793e-06  3.57408e-08
      99.9500  1.86925e-06  3.45121e-08
      100.050  1.84057e-06  3.32833e-08
      100.150  1.81333e-06  3.21409e-08
      100.250  1.79603e-06  3.15933e-08
      100.350  1.77873e-06  3.10457e-08
      100.450  1.76143e-06  3.04982e-08
      100.550  1.74413e-06  2.99506e-08
      100.650  1.72683e-06  2.94031e-08
      100.750  1.70953e-06  2.88555e-08
      100.850  1.69223e-06  2.83079e-08
      100.950  1.67493e-06  2.77604e-08
      101.050  1.65763e-06  2.72128e-08
      101.150  1.64033e-06  2.66652e-08
      101.250  1.62303e-06  2.61177e-08
      101.350  1.60573e-06  2.55701e-08
      101.450  1.58843e-06  2.50225e-08
      101.550  1.57113e-06  2.44750e-08
      101.650  1.55383e-06  2.39274e-08
      101.750  1.53653e-06  2.33798e-08
      101.850  1.51923e-06  2.28323e-08
      101.950  1.50193e-06  2.22847e-08
      102.050  1.48463e-06  2.17371e-08
      102.150  1.46733e-06  2.11896e-08
      102.250  1.45003e-06  2.06420e-08
      102.350  1.43273e-06  2.00944e-08
      102.450  1.41543e-06  1.95469e-08
      102.550  1.39813e-06  1.89993e-08
      102.650  1.38083e-06  1.84517e-08
      102.750  1.36353e-06  1.79042e-08
      102.850  1.34652e-06  1.73688e-08
      102.950  1.33587e-06  1.70934e-08
      103.050  1.32523e-06  1.68181e-08
      103.150  1.31458e-06  1.65428e-08
      103.250  1.30393e-06  1.62675e-08
      103.350  1.29328e-06  1.59922e-08
      103.450  1.28263e-06  1.57168e-08
      103.550  1.27198e-06  1.54415e-08
      103.650  1.26134e-06  1.51662e-08
      103.750  1.25069e-06  1.48909e-08
      103.850  1.24004e-06  1.46156e-08
      103.950  1.22939e-06  1.43402e-08
      104.050  1.21874e-06  1.40649e-08
      104.150  1.20810e-06  1.37896e-08
      104.250  1.19745e-06  1.35143e-08
      104.350  1.18680e-06  1.32390e-08
      104.450  1.17615e-06  1.29636e-08
      104.550  1.16550e-06  1.26883e-08
      104.650  1.15485e-06  1.24130e-08
      104.750  1.14421e-06  1.21377e-08
      104.850  1.13356e-06  1.18624e-08
      104.950  1.12291e-06  1.15870e-08
      105.050  1.11226e-06  1.13117e-08
      105.150  1.10161e-06  1.10364e-08
      105.250  1.09097e-06  1.07611e-08
      105.350  1.08032e-06  1.04858e-08
      105.450  1.06967e-06  1.02104e-08
      105.550  1.05902e-06  9.93511e-09
      105.650  1.04884e-06  9.69135e-09
      105.750  1.03993e-06  9.53398e-09
      105.850  1.03103e-06  9.37660e-09
      105.950  1.02212e-06  9.21923e-09
      106.050  1.01321e-06  9.06186e-09
      106.150  1.00431e-06  8.90448e-09
      106.250  9.95403e-07  8.74711e-09
      106.350  9.86497e-07  8.58974e-09
      106.450  9.77591e-07  8.43236e-09
      106.550  9.68684e-07  8.27499e-09
      106.650  9.59778e-07  8.11762e-09
      106.750  9.50872e-07  7.96024e-09
      106.850  9.41966e-07  7.80287e-09
      106.950  9.33060e-07  7.64549e-09
      107.050  9.24154e-07  7.48812e-09
      107.150  9.15248e-07  7.33075e-09
      107.250  9.06342e-07  7.17337e-09
      107.350  8.97436e-07  7.01600e-09
      107.450  8.88530e-07  6.85863e-09
      107.550  8.79624e-07  6.70125e-09
      107.650  8.70718e-07  6.54388e-09
      107.750  8.61812e-07  6.38651e-09
      107.850  8.52906e-07  6.22913e-09
      107.950  8.43999e-07  6.07176e-09
      108.050  8.35093e-07  5.91439e-09
      108.150  8.26187e-07  5.75701e-09
      108.250  8.17281e-07  5.59964e-09
      108.350  8.08375e-07  5.44227e-09
      108.450  7.99469e-07  5.28489e-09
      108.550  7.91621e-07  5.17707e-09
      108.650  7.84210e-07  5.08966e-09
      108.750  7.76798e-07  5.00224e-09
      108.850  7.69386e-07  4.91483e-09
      108.950  7.61974e-07  4.82742e-09
      109.050  7.54563e-07  4.74000e-09
      109.150  7.47151e-07  4.65259e-09
      109.250  7.39739e-07  4.56518e-09
      109.350  7.32328e-07  4.47776e-09
      109.450  7.24916e-07  4.39035e-09
      109.550  7.17504e-07  4.30294e-09
      109.650  7.10092e-07  4.21552e-09
      109.750  7.02681e-07  4.12811e-09
      109.850  6.95269e-07  4.04070e-09
      109.950  6.87857e-07  3.95328e-09
      110.050  6.80446e-07  3.86587e-09
      110.150  6.73034e-07  3.77846e-09
      110.250  6.65622e-07  3.69104e-09
      110.350  6.58210e-07  3.60363e-09
      110.450  6.50799e-07  3.51622e-09
      110.550  6.43387e-07  3.42880e-09
      110.650  6.35975e-07  3.34139e-09
      110.750  6.28563e-07  3.25398e-09
      110.850  6.21152e-07  3.16656e-09
      110.950  6.13740e-07  3.07915e-09
      111.050  6.06328e-07  2.99174e-09
      111.150  5.98916e-07  2.90432e-09
      111.250  5.91505e-07  2.81691e-09
      111.350  5.84093e-07  2.72950e-09
      111.450  5.76604e-07  2.65367e-09
      111.550  5.68978e-07  2.59816e-09
      111.650  5.61353e-07  2.54266e-09
      111.750  5.53727e-07  2.48715e-09
      111.850  5.46102e-07  2.43164e-09
      111.950  5.38476e-07  2.37614e-09
      112.050  5.30851e-07  2.32063e-09
      112.150  5.23226e-07  2.26512e-09
      112.250  5.15600e-07  2.20962e-09
      112.350  5.07975e-07  2.15411e-09
      112.450  5.00349e-07  2.09861e-09
      112.550  4.92724e-07  2.04310e-09
      112.650  4.85098e-07  1.98759e-09
      112.750  4.77473e-07  1.93209e-09
      112.850  4.69847e-07  1.87658e-09
      112.950  4.62222e-07  1.82107e-09
      113.050  4.54597e-07  1.76557e-09
      113.150  4.46971e-07  1.71006e-09
      113.250  4.39346e-07  1.65455e-09
      113.350  4.31720e-07  1.59905e-09
      113.450  4.24095e-07  1.54354e-09
      113.550  4.16469e-07  1.48804e-09
      113.650  4.08844e-07  1.43253e-09
      113.750  4.01218e-07  1.37702e-09
      113.850  3.93593e-07  1.32152e-09
      113.950  3.85968e-07  1.26601e-09
      114.050  3.78342e-07  1.21050e-09
      114.150  3.70717e-07  1.15500e-09
      114.250  3.63091e-07  1.09949e-09
      114.350  3.55466e-07  1.04398e-09
      114.450  3.48528e-07  9.96385e-10
      114.550  3.43870e-07  9.74971e-10
      114.650  3.39211e-07  9.53557e-10
      114.750  3.34552e-07  9.32143e-10
      114.850  3.29893e-07  9.10729e-10
      114.950  3.25234e-07  8.89315e-10
      115.050  3.20575e-07  8.67901e-10
      115.150  3.15916e-07  8.46487e-10
      115.250  3.11258e-07  8.25073e-10
      115.350  3.06599e-07  8.03659e-10
      115.450  3.01940e-07  7.82245e-10
      115.550  2.97281e-07  7.60831e-10
      115.650  2.92622e-07  7.39417e-10
      115.750  2.87963e-07  7.18003e-10
      115.850  2.83305e-07  6.96589e-10
      115.950  2.78646e-07  6.75175e-10
      116.050  2.73987e-07  6.53761e-10
      116.150  2.69328e-07  6.32347e-10
      116.250  2.64669e-07  6.10933e-10
      116.350  2.60010e-07  5.89519e-10
      116.450  2.55351e-07  5.68105e-10
      116.550  2.50693e-07  5.46691e-10
      116.650  2.46034e-07  5.25277e-10
      116.750  2.41375e-07  5.03863e-10
      116.850  2.36716e-07  4.82449e-10
      116.950  2.32057e-07  4.61035e-10
      117.050  2.27398e-07  4.39621e-10
      117.150  2.22740e-07  4.18207e-10
      117.250  2.18081e-07  3.96793e-10
      117.350  2.13422e-07  3.75379e-10
      117.450  2.08763e-07  3.53965e-10
      117.550  2.04523e-07  3.35495e-10
      117.650  2.01895e-07  3.28359e-10
      117.750  1.99267e-07  3.21224e-10
      117.850  1.96639e-07  3.14088e-10
      117.950  1.94011e-07  3.06952e-10
      118.050  1.91383e-07  2.99816e-10
      118.150  1.88755e-07  2.92681e-10
      118.250  1.86127e-07  2.85545e-10
      118.350  1.83499e-07  2.78409e-10
      118.450  1.80871e-07  2.71273e-10
      118.550  1.78243e-07  2.64138e-10
      118.650  1.75615e-07  2.57002e-10
      118.750  1.72987e-07  2.49866e-10
      118.850  1.70359e-07  2.42730e-10
      118.950  1.67731e-07  2.35595e-10
      119.050  1.65103e-07  2.28459e-10
      119.150  1.62475e-07  2.21323e-10
      119.250  1.59847e-07  2.14187e-10
      119.350  1.57219e-07  2.07052e-10
      119.450  1.54591e-07  1.99916e-10
      119.550  1.51963e-07  1.92780e-10
      119.650  1.49335e-07  1.85644e-10
      119.750  1.46707e-07  1.78508e-10
      119.850  1.44079e-07  1.71373e-10
      119.950  1.41452e-07  1.64237e-10
      120.050  1.38824e-07  1.57101e-10
      120.150  1.36196e-07  1.49965e-10
      120.250  1.33568e-07  1.42830e-10
      120.350  1.30940e-07  1.35694e-10
      120.450  1.28312e-07  1.28558e-10
      120.550  1.25684e-07  1.21422e-10
      120.650  1.23056e-07  1.14287e-10
      120.750  1.20797e-07  1.09012e-10
      120.850  1.19111e-07  1.06625e-10
      120.950  1.17426e-07  1.04238e-10
      121.050  1.15740e-07  1.01851e-10
      121.150  1.14054e-07  9.94644e-11
      121.250  1.12368e-07  9.70774e-11
      121.350  1.10683e-07  9.46904e-11
      121.450  1.08997e-07  9.23035e-11
      121.550  1.07311e-07  8.99165e-11
      121.650  1.05626e-07  8.75295e-11
      121.750  1.03940e-07  8.51426e-11
      121.850  1.02254e-07  8.27556e-11
      121.950  1.00568e-07  8.03686e-11
      122.050  9.88827e-08  7.79817e-11
      122.150  9.71970e-08  7.55947e-11
      122.250  9.55112e-08  7.32077e-11
      122.350  9.38255e-08  7.08208e-11
      122.450  9.21398e-08  6.84338e-11
      122.550  9.04541e-08  6.60468e-11
      122.650  8.87684e-08  6.36598e-11
      122.750  8.70826e-08  6.12729e-11
      122.850  8.53969e-08  5.88859e-11
      122.950  8.37112e-08  5.64989e-11
      123.050  8.20255e-08  5.41120e-11
      123.150  8.03398e-08  5.17250e-11
      123.250  7.86540e-08  4.93380e-11
      123.350  7.69683e-08  4.69511e-11
      123.450  7.52826e-08  4.45641e-11
      123.550  7.35969e-08  4.21771e-11
      123.650  7.19112e-08  3.97902e-11
      123.750  7.02254e-08  3.74032e-11
      123.850  6.85397e-08  3.50162e-11
      123.950  6.68540e-08  3.26292e-11
