# ESTIMATED IRRADIANCE SPECTRUM FOR THE JULY 14, 2000 X6 FLARE 
# 
# Fluxes are in photons/cm^2/s at 1 AU
# Wavelength bins are centered - For example,
#  100.5 A corresponds to 100 < lambda < 101 A
# 
# email to hwarren@cfa.harvard.edu 
# 
# THIS VERSION = Fri Apr 27 21:03:32 2001
# 
#     WAVE   PRE-FLARE  PEAK 10:24
# -------------------------------------------------
  2398 lines: NRLEUV Bastille Day Flare Spectrum
  3 columns : wavelength [Ang]  pre_flare_irradiance  peak_irradiance [ph/s/cm^2]
      0.75    1.00e+03    1.20e+04
      1.25    1.00e+03    4.06e+05
      1.75    1.00e+03    1.72e+06
      2.25    1.00e+03    5.18e+06
      2.75    1.00e+03    4.51e+06
      3.25    1.00e+03    6.58e+06
      3.75    1.82e+03    7.22e+06
      4.25    6.08e+03    8.80e+06
      4.75    1.22e+04    1.02e+07
      5.25    3.47e+04    1.27e+07
      5.75    5.24e+04    1.05e+07
      6.25    5.49e+04    1.77e+07
      6.75    3.27e+05    1.56e+07
      7.25    9.71e+04    1.28e+07
      7.75    1.56e+05    1.06e+07
      8.25    2.32e+05    1.50e+07
      8.75    2.43e+05    2.41e+07
      9.25    1.03e+06    1.43e+07
      9.75    5.86e+05    1.28e+07
     10.25    1.40e+06    1.42e+07
     10.75    1.24e+06    2.54e+07
     11.25    2.37e+06    3.40e+07
     11.75    3.29e+06    3.18e+07
     12.25    2.74e+06    2.54e+07
     12.75    3.76e+06    1.96e+07
     13.25    1.66e+06    1.37e+07
     13.75    4.91e+06    1.57e+07
     14.25    1.38e+07    2.46e+07
     14.75    9.66e+06    1.98e+07
     15.25    2.33e+07    3.34e+07
     15.75    1.15e+07    2.06e+07
     16.25    1.10e+07    2.17e+07
     16.75    1.55e+06    1.01e+07
     17.25    6.98e+07    7.95e+07
     17.75    1.65e+06    9.99e+06
     18.25    1.04e+06    9.30e+06
     18.75    2.10e+06    1.03e+07
     19.25    1.32e+07    3.09e+07
     19.75    8.23e+05    9.06e+06
     20.25    1.07e+06    9.32e+06
     20.75    4.78e+05    8.69e+06
     21.25    8.40e+05    8.79e+06
     21.75    1.40e+07    2.18e+07
     22.25    1.39e+07    2.16e+07
     22.75    8.89e+05    8.45e+06
     23.25    9.67e+05    8.57e+06
     23.75    9.11e+05    8.54e+06
     24.25    1.94e+06    1.03e+07
     24.75    1.05e+06    8.37e+06
     25.25    3.96e+06    1.23e+07
     25.75    1.26e+06    8.59e+06
     26.25    1.71e+06    8.84e+06
     26.75    1.24e+06    8.33e+06
     27.25    1.86e+06    8.95e+06
     27.75    1.24e+06    8.18e+06
     28.25    1.91e+06    8.76e+06
     28.75    3.59e+06    1.08e+07
     29.25    3.80e+06    1.05e+07
     29.75    3.24e+06    9.92e+06
     30.25    1.06e+06    7.68e+06
     30.75    4.53e+06    1.15e+07
     31.25    4.36e+06    1.12e+07
     31.75    2.34e+06    8.80e+06
     32.25    1.76e+06    8.39e+06
     32.75    1.82e+06    8.75e+06
     33.25    2.49e+06    8.93e+06
     33.75    2.61e+07    3.60e+07
     34.25    1.60e+06    7.79e+06
     34.75    2.28e+06    8.42e+06
     35.25    4.20e+06    1.03e+07
     35.75    7.58e+06    1.36e+07
     36.25    1.18e+06    7.20e+06
     36.75    5.10e+06    1.11e+07
     37.25    4.64e+06    1.06e+07
     37.75    3.40e+06    9.27e+06
     38.25    1.93e+06    7.77e+06
     38.75    1.29e+06    7.07e+06
     39.25    1.94e+06    7.67e+06
     39.75    9.60e+06    1.53e+07
     40.25    1.25e+06    6.91e+06
     40.75    1.25e+07    1.81e+07
     41.25    7.94e+06    1.41e+07
     41.75    1.39e+07    1.94e+07
     42.25    2.05e+06    7.54e+06
     42.75    7.39e+06    1.28e+07
     43.25    2.52e+06    7.94e+06
     43.75    9.26e+06    1.46e+07
     44.25    1.59e+07    2.21e+07
     44.75    1.45e+06    6.75e+06
     45.25    1.36e+06    6.64e+06
     45.75    6.76e+06    1.24e+07
     46.25    1.84e+06    7.04e+06
     46.75    7.23e+06    1.24e+07
     47.25    1.47e+06    6.60e+06
     47.75    9.16e+06    1.43e+07
     48.25    3.32e+06    8.40e+06
     48.75    3.11e+06    8.15e+06
     49.25    1.11e+07    1.61e+07
     49.75    1.40e+06    6.37e+06
     50.25    1.99e+06    6.94e+06
     50.75    3.40e+07    3.90e+07
     51.25    1.54e+06    6.44e+06
     51.75    1.41e+06    6.26e+06
     52.25    9.08e+06    1.39e+07
     52.75    6.76e+06    1.16e+07
     53.25    9.02e+06    1.38e+07
     53.75    1.36e+06    6.10e+06
     54.25    5.16e+06    9.89e+06
     54.75    4.73e+06    9.43e+06
     55.25    4.23e+06    8.90e+06
     55.75    3.24e+07    3.70e+07
     56.25    2.91e+06    7.51e+06
     56.75    1.36e+06    5.94e+06
     57.25    1.36e+06    5.93e+06
     57.75    1.36e+06    5.85e+06
     58.25    1.11e+07    1.56e+07
     58.75    1.29e+06    5.73e+06
     59.25    7.91e+06    1.23e+07
     59.75    6.50e+06    1.09e+07
     60.25    1.41e+06    5.78e+06
     60.75    4.07e+06    8.41e+06
     61.25    2.36e+07    2.79e+07
     61.75    2.04e+06    6.34e+06
     62.25    1.98e+07    2.41e+07
     62.75    2.02e+07    2.45e+07
     63.25    1.48e+07    1.90e+07
     63.75    1.73e+07    2.16e+07
     64.25    1.29e+06    5.47e+06
     64.75    1.28e+06    5.45e+06
     65.25    1.28e+06    5.47e+06
     65.75    4.25e+06    8.38e+06
     66.25    1.11e+07    1.53e+07
     66.75    4.44e+06    8.54e+06
     67.25    6.20e+06    1.03e+07
     67.75    3.20e+06    7.24e+06
     68.25    2.77e+06    6.79e+06
     68.75    1.28e+06    5.28e+06
     69.25    3.28e+06    7.27e+06
     69.75    9.20e+06    1.32e+07
     70.25    1.99e+07    2.39e+07
     70.75    3.22e+06    7.14e+06
     71.25    1.27e+06    5.18e+06
     71.75    1.27e+06    5.16e+06
     72.25    1.03e+07    1.41e+07
     72.75    1.50e+07    1.88e+07
     73.25    1.27e+06    5.10e+06
     73.75    6.05e+06    9.87e+06
     74.25    1.27e+06    5.07e+06
     74.75    1.83e+06    5.61e+06
     75.25    2.42e+07    2.80e+07
     75.75    1.27e+06    5.01e+06
     76.25    7.86e+06    1.16e+07
     76.75    2.12e+06    5.84e+06
     77.25    2.13e+06    5.83e+06
     77.75    5.29e+06    8.97e+06
     78.25    5.02e+06    8.69e+06
     78.75    1.99e+06    5.64e+06
     79.25    2.57e+06    6.20e+06
     79.75    1.33e+07    1.69e+07
     80.25    1.37e+07    1.73e+07
     80.75    8.26e+06    1.18e+07
     81.25    1.26e+06    4.83e+06
     81.75    2.15e+06    5.71e+06
     82.25    1.26e+06    4.88e+06
     82.75    1.56e+07    1.91e+07
     83.25    6.34e+06    9.99e+06
     83.75    8.68e+06    1.22e+07
     84.25    1.99e+07    2.33e+07
     84.75    1.47e+06    4.94e+06
     85.25    1.33e+06    4.78e+06
     85.75    1.38e+06    4.82e+06
     86.25    1.25e+06    4.68e+06
     86.75    1.25e+06    4.66e+06
     87.25    2.19e+07    2.53e+07
     87.75    1.25e+06    4.64e+06
     88.25    8.88e+06    1.25e+07
     88.75    1.25e+06    4.61e+06
     89.25    7.73e+06    1.12e+07
     89.75    1.81e+06    5.14e+06
     90.25    1.17e+06    4.49e+06
     90.75    1.17e+06    4.48e+06
     91.25    1.80e+06    5.31e+06
     91.75    1.63e+06    5.64e+06
     92.25    1.67e+06    5.38e+06
     92.75    1.16e+06    4.42e+06
     93.25    1.21e+06    4.45e+06
     93.75    1.16e+06    4.52e+06
     94.25    1.61e+07    2.10e+07
     94.75    1.17e+06    4.42e+06
     95.25    1.16e+06    4.37e+06
     95.75    1.65e+07    1.97e+07
     96.25    9.50e+06    1.31e+07
     96.75    2.27e+06    5.44e+06
     97.25    7.57e+06    1.08e+07
     97.75    4.80e+06    7.94e+06
     98.25    6.81e+06    1.17e+07
     98.75    7.69e+06    1.08e+07
     99.25    1.15e+06    4.25e+06
     99.75    2.55e+06    5.64e+06
    100.25    1.22e+06    5.11e+06
    100.75    1.16e+06    4.22e+06
    101.25    1.15e+06    5.04e+06
    101.75    1.29e+06    5.73e+06
    102.25    1.15e+06    1.27e+07
    102.75    1.15e+06    4.60e+06
    103.25    6.00e+06    9.02e+06
    103.75    1.36e+07    1.66e+07
    104.25    2.41e+06    5.94e+06
    104.75    1.15e+06    4.13e+06
    105.25    1.26e+07    1.56e+07
    105.75    1.15e+06    4.11e+06
    106.25    2.16e+06    5.94e+06
    106.75    1.14e+06    4.09e+06
    107.25    1.14e+06    4.08e+06
    107.75    1.14e+06    4.20e+06
    108.25    1.14e+06    4.06e+06
    108.75    1.53e+06    9.25e+06
    109.25    1.14e+06    4.04e+06
    109.75    1.14e+06    4.14e+06
    110.25    1.32e+06    4.94e+06
    110.75    1.14e+06    4.30e+06
    111.25    2.09e+06    5.02e+06
    111.75    7.06e+06    1.05e+07
    112.25    1.14e+06    6.99e+06
    112.75    1.14e+06    3.97e+06
    113.25    1.14e+06    3.96e+06
    113.75    1.14e+06    3.97e+06
    114.25    1.14e+06    3.94e+06
    114.75    3.63e+06    1.28e+07
    115.25    1.13e+06    3.92e+06
    115.75    2.39e+06    5.17e+06
    116.25    4.81e+06    7.58e+06
    116.75    3.74e+06    8.25e+06
    117.25    1.13e+06    4.48e+07
    117.75    1.13e+06    7.78e+06
    118.25    2.64e+06    2.26e+07
    118.75    1.15e+06    1.18e+07
    119.25    4.91e+06    7.65e+06
    119.75    1.13e+06    3.84e+06
    120.25    1.37e+06    5.13e+06
    120.75    1.33e+06    4.02e+06
    121.25    1.13e+06    4.21e+06
    121.75    1.84e+06    4.52e+06
    122.25    1.21e+06    1.19e+07
    122.75    2.99e+06    5.65e+06
    123.25    1.13e+06    3.78e+06
    123.75    1.34e+06    3.98e+06
    124.25    1.13e+06    4.45e+06
    124.75    1.12e+06    3.75e+06
    125.25    1.12e+06    3.75e+06
    125.75    1.12e+06    3.74e+06
    126.25    1.12e+06    3.73e+06
    126.75    1.12e+06    3.72e+06
    127.25    1.12e+06    3.71e+06
    127.75    2.85e+06    5.44e+06
    128.25    1.12e+06    3.70e+06
    128.75    1.22e+06    3.31e+07
    129.25    1.19e+06    3.77e+06
    129.75    1.44e+06    3.99e+06
    130.25    6.10e+06    8.66e+06
    130.75    1.12e+06    3.66e+06
    131.25    1.23e+07    1.49e+07
    131.75    1.12e+06    3.64e+06
    132.25    2.12e+06    4.65e+06
    132.75    2.26e+06    4.79e+06
    133.25    1.18e+06    2.67e+08
    133.75    1.12e+06    3.61e+06
    134.25    1.12e+06    3.61e+06
    134.75    1.11e+06    3.60e+06
    135.25    1.11e+06    3.59e+06
    135.75    1.24e+06    3.71e+06
    136.25    1.17e+06    5.14e+07
    136.75    1.11e+06    3.57e+06
    137.25    1.11e+06    3.56e+06
    137.75    1.51e+06    3.96e+06
    138.25    1.11e+06    3.55e+06
    138.75    1.11e+06    3.54e+06
    139.25    1.11e+06    3.54e+06
    139.75    1.11e+06    3.53e+06
    140.25    1.25e+06    3.67e+06
    140.75    1.43e+06    3.85e+06
    141.25    9.74e+06    1.21e+07
    141.75    1.11e+06    3.50e+06
    142.25    1.11e+06    3.49e+06
    142.75    2.06e+06    7.14e+06
    143.25    1.33e+06    3.70e+06
    143.75    7.08e+06    9.47e+06
    144.25    5.33e+06    7.70e+06
    144.75    1.71e+06    4.08e+06
    145.25    8.38e+06    1.07e+07
    145.75    1.10e+06    3.76e+06
    146.25    1.10e+06    3.44e+06
    146.75    1.10e+06    3.44e+06
    147.25    1.47e+06    3.80e+06
    147.75    5.73e+06    8.05e+06
    148.25    1.15e+06    3.46e+06
    148.75    8.45e+07    8.69e+07
    149.25    1.10e+06    3.40e+06
    149.75    1.10e+06    3.40e+06
    150.25    1.54e+07    1.77e+07
    150.75    1.10e+06    3.39e+06
    151.25    1.10e+06    3.38e+06
    151.75    1.10e+06    3.37e+06
    152.25    3.32e+07    3.55e+07
    152.75    1.36e+06    3.63e+06
    153.25    1.10e+06    3.36e+06
    153.75    1.10e+06    3.35e+06
    154.25    1.98e+07    2.21e+07
    154.75    1.10e+06    3.34e+06
    155.25    2.33e+06    4.58e+06
    155.75    1.10e+06    3.33e+06
    156.25    1.10e+06    4.01e+06
    156.75    2.70e+06    4.92e+06
    157.25    1.10e+06    3.31e+06
    157.75    3.16e+07    3.39e+07
    158.25    1.09e+06    3.30e+06
    158.75    9.03e+06    1.12e+07
    159.25    1.57e+06    3.76e+06
    159.75    1.09e+06    3.28e+06
    160.25    8.50e+06    1.07e+07
    160.75    7.25e+06    9.43e+06
    161.25    1.09e+06    3.27e+06
    161.75    1.04e+07    1.26e+07
    162.25    1.09e+06    3.25e+06
    162.75    1.39e+06    3.55e+06
    163.25    1.89e+06    4.04e+06
    163.75    1.09e+06    3.24e+06
    164.25    1.97e+07    2.18e+07
    164.75    1.09e+06    3.23e+06
    165.25    3.57e+06    5.71e+06
    165.75    6.85e+06    2.95e+07
    166.25    1.09e+06    3.21e+06
    166.75    1.09e+06    3.21e+06
    167.25    1.21e+06    3.33e+06
    167.75    3.11e+07    3.33e+07
    168.25    5.55e+07    5.76e+07
    168.75    3.96e+07    4.17e+07
    169.25    2.03e+07    2.25e+07
    169.75    1.40e+07    1.61e+07
    170.75    7.99e+06    1.96e+07
    171.25    1.11e+09    1.11e+09
    171.75    2.22e+05    1.50e+06
    172.25    2.26e+06    2.27e+06
    172.75    1.50e+07    1.81e+07
    173.25    2.94e+07    3.02e+07
    173.75    7.12e+05    1.01e+06
    174.25    1.00e+04    4.37e+06
    174.75    8.69e+08    8.69e+08
    175.25    2.22e+08    2.25e+08
    175.75    1.00e+04    7.44e+04
    176.25    1.69e+06    1.85e+06
    176.75    1.41e+07    1.68e+07
    177.25    5.40e+08    5.40e+08
    177.75    2.40e+06    3.34e+06
    178.25    3.45e+07    3.45e+07
    178.75    3.42e+05    5.28e+05
    179.25    5.52e+06    6.38e+06
    179.75    4.49e+07    4.73e+07
    180.25    6.66e+08    6.71e+08
    180.75    4.86e+07    4.92e+07
    181.25    5.11e+07    5.11e+07
    181.75    3.93e+05    1.80e+06
    182.25    1.40e+08    1.40e+08
    182.75    1.00e+04    9.87e+04
    183.25    2.03e+06    2.13e+06
    183.75    8.69e+06    1.07e+07
    184.25    1.93e+07    2.11e+07
    184.75    2.63e+08    2.67e+08
    185.25    1.00e+04    1.73e+04
    185.75    3.52e+06    3.84e+06
    186.25    1.00e+04    1.62e+06
    186.75    2.37e+08    2.42e+08
    187.25    1.00e+04    5.64e+04
    187.75    1.23e+06    4.65e+06
    188.25    4.22e+08    4.23e+08
    188.75    2.37e+07    2.41e+07
    189.25    2.33e+07    2.36e+07
    189.75    1.94e+07    1.99e+07
    190.25    9.52e+07    9.59e+07
    190.75    4.33e+06    5.93e+06
    191.25    3.56e+07    3.65e+07
    191.75    1.78e+05    2.69e+08
    192.25    1.50e+08    1.51e+08
    192.75    7.55e+07    8.96e+07
    193.25    1.09e+06    3.00e+06
    193.75    4.32e+08    4.32e+08
    194.25    5.23e+06    5.77e+06
    194.75    1.19e+07    1.53e+07
    195.25    7.24e+08    7.24e+08
    195.75    2.34e+06    2.69e+06
    196.25    7.61e+05    5.63e+06
    196.75    1.29e+08    1.29e+08
    197.25    2.47e+07    2.52e+07
    197.75    2.69e+04    4.11e+04
    198.25    2.99e+04    1.23e+06
    198.75    4.13e+07    4.13e+07
    199.25    4.78e+06    4.80e+06
    199.75    4.06e+04    1.51e+06
    200.25    8.52e+07    8.57e+07
    200.75    1.73e+06    4.00e+06
    201.25    1.14e+08    1.14e+08
    201.75    2.61e+07    2.86e+07
    202.25    4.31e+08    4.32e+08
    202.75    5.70e+07    5.78e+07
    203.25    7.37e+07    7.42e+07
    203.75    4.38e+08    4.45e+08
    204.25    5.25e+07    5.40e+07
    204.75    7.31e+07    7.35e+07
    205.25    1.25e+05    1.53e+05
    205.75    5.22e+06    5.30e+06
    206.25    3.32e+07    3.35e+07
    206.75    5.02e+06    8.18e+06
    207.25    1.27e+07    1.32e+07
    207.75    3.92e+07    3.92e+07
    208.25    2.69e+07    2.88e+07
    208.75    3.61e+06    4.43e+06
    209.25    7.73e+06    9.32e+06
    209.75    1.37e+08    1.38e+08
    210.25    3.16e+06    3.43e+06
    210.75    9.32e+06    9.66e+06
    211.25    2.55e+08    2.59e+08
    211.75    7.25e+07    7.28e+07
    212.25    9.38e+06    9.63e+06
    212.75    1.28e+06    1.29e+06
    213.25    6.45e+05    1.39e+06
    213.75    6.25e+07    6.46e+07
    214.25    1.11e+07    1.12e+07
    214.75    1.06e+06    8.95e+06
    215.25    2.20e+07    2.21e+07
    215.75    2.85e+07    2.97e+07
    216.25    6.98e+06    7.00e+06
    216.75    9.91e+07    1.02e+08
    217.25    4.28e+07    4.38e+07
    217.75    2.09e+07    2.42e+07
    218.25    3.84e+07    3.90e+07
    218.75    1.18e+07    1.82e+07
    219.25    1.59e+08    1.60e+08
    219.75    2.44e+06    3.30e+06
    220.25    6.48e+07    6.71e+07
    220.75    2.13e+07    2.22e+07
    221.25    3.16e+07    3.25e+07
    221.75    1.08e+08    1.10e+08
    222.25    7.39e+06    7.46e+06
    222.75    8.51e+06    1.29e+07
    223.25    9.69e+06    1.02e+07
    223.75    3.87e+07    3.88e+07
    224.25    2.43e+07    2.60e+07
    224.75    5.53e+07    5.64e+07
    225.25    1.13e+08    1.13e+08
    225.75    8.32e+06    8.55e+06
    226.25    3.87e+07    3.91e+07
    226.75    1.54e+08    1.56e+08
    227.25    5.71e+07    5.86e+07
    227.75    1.48e+07    1.68e+07
    228.25    5.99e+07    6.11e+07
    228.75    2.84e+07    2.87e+07
    229.25    7.30e+05    7.66e+05
    229.75    1.86e+06    2.02e+06
    230.25    1.15e+07    1.16e+07
    230.75    2.21e+07    2.43e+07
    231.25    4.84e+06    5.98e+06
    231.75    1.00e+04    1.21e+05
    232.25    1.00e+04    2.40e+05
    232.75    9.40e+05    1.60e+06
    233.25    1.41e+07    2.31e+07
    233.75    2.93e+07    3.69e+07
    234.25    6.04e+07    1.11e+08
    234.75    9.86e+05    1.05e+06
    235.25    6.26e+06    6.65e+06
    235.75    1.30e+07    1.40e+07
    236.25    5.83e+06    5.92e+06
    236.75    1.00e+04    1.16e+04
    237.25    5.31e+07    1.24e+08
    237.75    9.19e+06    9.34e+06
    238.25    1.42e+07    3.61e+07
    238.75    2.37e+07    2.49e+07
    239.25    1.59e+07    1.62e+07
    239.75    8.71e+06    9.01e+06
    240.25    3.46e+06    4.02e+06
    240.75    5.08e+07    5.09e+07
    241.25    1.52e+06    1.56e+06
    241.75    5.56e+07    5.60e+07
    242.25    2.80e+06    3.09e+06
    242.75    2.47e+07    1.41e+08
    243.25    7.89e+07    7.89e+07
    243.75    4.50e+07    4.71e+07
    244.25    1.00e+04    1.38e+04
    244.75    2.89e+07    3.01e+07
    245.25    1.00e+04    1.01e+04
    245.75    3.40e+07    3.75e+07
    246.25    1.15e+08    1.15e+08
    246.75    2.08e+07    2.47e+07
    247.25    1.04e+07    1.11e+07
    247.75    9.72e+06    9.74e+06
    248.25    7.65e+06    1.19e+07
    248.75    1.00e+04    2.07e+06
    249.25    2.84e+07    2.85e+07
    249.75    8.85e+05    9.59e+05
    250.25    3.63e+06    3.90e+06
    250.75    6.05e+06    7.32e+06
    251.25    1.17e+07    1.18e+07
    251.75    2.18e+08    2.22e+08
    252.25    4.60e+07    4.60e+07
    252.75    1.00e+04    1.28e+06
    253.25    2.59e+05    2.62e+05
    253.75    5.90e+07    5.97e+07
    254.25    1.00e+04    4.67e+04
    254.75    1.00e+04    1.45e+08
    255.25    4.73e+06    5.33e+06
    255.75    3.01e+06    3.01e+06
    256.25    5.13e+08    9.34e+08
    256.75    5.86e+07    5.92e+07
    257.25    1.55e+08    1.57e+08
    257.75    2.49e+07    2.64e+07
    258.25    3.46e+08    3.49e+08
    258.75    1.00e+04    3.85e+04
    259.25    6.47e+07    6.67e+07
    259.75    7.27e+06    8.18e+06
    260.25    2.44e+06    4.50e+06
    260.75    9.82e+05    1.90e+06
    261.25    1.09e+08    1.09e+08
    261.75    9.18e+05    9.23e+05
    262.25    1.00e+04    2.90e+04
    262.75    1.95e+07    2.10e+07
    263.25    4.42e+06    4.44e+06
    263.75    1.00e+04    1.66e+07
    264.25    9.75e+07    9.75e+07
    264.75    2.01e+08    2.08e+08
    265.25    1.89e+06    1.89e+06
    265.75    1.00e+04    3.32e+05
    266.25    3.45e+06    3.84e+06
    266.75    3.15e+06    5.60e+06
    267.25    1.00e+04    9.52e+04
    267.75    4.72e+05    4.74e+05
    268.25    1.00e+04    1.62e+04
    268.75    1.72e+07    1.81e+07
    269.25    1.00e+04    1.07e+05
    269.75    1.00e+04    3.88e+04
    270.25    3.53e+07    4.01e+07
    270.75    1.39e+08    1.41e+08
    271.25    1.00e+04    1.36e+05
    271.75    8.68e+07    8.88e+07
    272.25    4.60e+06    5.50e+06
    272.75    2.59e+07    2.59e+07
    273.25    1.00e+04    4.02e+04
    273.75    1.00e+04    2.93e+06
    274.25    1.31e+08    1.31e+08
    274.75    1.00e+04    1.16e+04
    275.25    9.78e+07    9.96e+07
    275.75    1.50e+07    1.52e+07
    276.25    1.32e+07    1.51e+07
    276.75    1.25e+08    1.29e+08
    277.25    1.49e+08    1.50e+08
    277.75    1.00e+04    2.03e+05
    278.25    1.00e+08    1.02e+08
    278.75    7.85e+05    9.39e+05
    279.25    1.00e+04    2.82e+06
    279.75    2.73e+06    4.18e+06
    280.25    4.02e+06    4.88e+06
    280.75    2.99e+07    2.99e+07
    281.25    2.16e+07    2.21e+07
    281.75    2.52e+06    2.53e+06
    282.25    7.21e+06    7.28e+06
    282.75    1.00e+04    2.49e+04
    283.25    9.90e+06    1.39e+07
    283.75    6.99e+05    3.30e+07
    284.25    9.23e+08    9.23e+08
    284.75    1.00e+04    1.10e+05
    285.25    1.00e+04    5.37e+05
    285.75    3.49e+07    3.61e+07
    286.25    6.20e+06    6.47e+06
    286.75    9.21e+06    9.22e+06
    287.25    3.27e+06    3.33e+06
    287.75    1.00e+04    9.27e+04
    288.25    2.85e+07    2.96e+07
    288.75    6.97e+06    7.75e+06
    289.25    1.04e+07    1.09e+07
    289.75    1.00e+04    4.31e+04
    290.25    5.72e+06    6.05e+06
    290.75    3.99e+07    4.04e+07
    291.25    3.52e+07    3.67e+07
    291.75    3.36e+07    3.54e+07
    292.25    2.86e+06    4.99e+06
    292.75    1.23e+08    1.24e+08
    293.25    9.11e+06    9.11e+06
    293.75    3.20e+06    3.20e+06
    294.25    1.00e+04    2.29e+04
    294.75    1.00e+04    2.03e+04
    295.25    1.00e+04    2.20e+05
    295.75    1.36e+06    3.14e+06
    296.25    2.01e+08    2.01e+08
    296.75    1.00e+04    4.06e+05
    297.25    1.00e+04    4.44e+04
    297.75    1.00e+04    2.34e+04
    298.25    1.95e+06    1.96e+06
    298.75    1.00e+04    2.03e+04
    299.25    1.00e+04    1.34e+06
    299.75    1.64e+07    1.66e+07
    300.25    1.00e+04    7.12e+04
    300.75    4.25e+06    4.27e+06
    301.25    2.22e+06    2.22e+06
    301.75    1.00e+04    1.17e+07
    302.25    2.00e+06    2.22e+06
    302.75    1.00e+04    3.02e+05
    303.25    6.96e+08    7.13e+08
    303.75    7.33e+09    1.81e+10
    304.25    1.00e+04    1.00e+04
    304.75    8.93e+06    9.78e+06
    305.25    6.78e+06    1.44e+07
    305.75    1.03e+07    1.92e+07
    306.25    1.00e+04    4.39e+06
    306.75    8.17e+06    1.05e+07
    307.25    1.00e+04    2.53e+05
    307.75    7.99e+06    8.44e+06
    308.25    1.31e+07    1.41e+07
    308.75    1.90e+07    2.00e+07
    309.25    1.00e+04    4.80e+05
    309.75    3.31e+06    3.34e+06
    310.25    1.00e+04    1.01e+04
    310.75    1.00e+04    5.58e+04
    311.25    2.40e+06    3.06e+06
    311.75    5.74e+07    5.85e+07
    312.25    5.47e+07    5.86e+07
    312.75    2.61e+07    2.64e+07
    313.25    1.00e+04    1.07e+06
    313.75    8.80e+07    8.81e+07
    314.25    8.93e+07    9.09e+07
    314.75    1.11e+07    1.42e+07
    315.25    2.48e+08    2.48e+08
    315.75    1.00e+04    1.26e+06
    316.25    1.70e+08    1.70e+08
    316.75    2.84e+07    2.92e+07
    317.25    6.78e+07    6.79e+07
    317.75    1.00e+04    1.29e+06
    318.25    2.63e+07    2.63e+07
    318.75    4.30e+06    5.93e+06
    319.25    6.48e+07    6.49e+07
    319.75    2.61e+08    2.63e+08
    320.25    1.00e+04    1.05e+06
    320.75    9.24e+07    1.02e+08
    321.25    2.22e+07    2.24e+07
    321.75    1.09e+07    1.12e+07
    322.25    7.67e+05    3.85e+06
    322.75    1.10e+06    1.10e+06
    323.25    5.02e+06    6.23e+06
    323.75    1.00e+04    1.39e+04
    324.25    1.00e+04    1.05e+04
    324.75    1.60e+07    1.62e+07
    325.25    1.00e+04    9.04e+04
    325.75    1.00e+04    1.00e+04
    326.25    1.00e+04    1.04e+04
    326.75    1.00e+04    9.73e+05
    327.25    1.06e+07    1.06e+07
    327.75    1.78e+06    1.88e+06
    328.25    2.46e+06    7.82e+06
    328.75    5.00e+05    5.01e+05
    329.25    1.00e+04    1.26e+04
    329.75    2.78e+06    2.78e+06
    330.25    1.00e+04    9.08e+04
    330.75    1.00e+04    1.00e+04
    331.25    1.54e+07    1.54e+07
    331.75    1.00e+04    1.14e+04
    332.25    2.66e+06    2.69e+06
    332.75    5.72e+07    5.80e+07
    333.25    1.00e+04    1.14e+04
    333.75    1.00e+04    2.03e+06
    334.25    9.72e+07    9.72e+07
    334.75    1.03e+04    1.18e+06
    335.25    4.14e+08    4.40e+08
    335.75    1.07e+04    1.09e+04
    336.25    1.10e+04    1.10e+04
    336.75    1.12e+04    1.15e+04
    337.25    1.15e+04    1.22e+04
    337.75    1.18e+04    1.28e+04
    338.25    2.53e+07    2.58e+07
    338.75    2.57e+06    3.33e+06
    339.25    6.11e+07    6.11e+07
    339.75    1.28e+04    5.22e+04
    340.25    1.31e+04    1.14e+05
    340.75    1.34e+04    2.12e+05
    341.25    3.18e+07    3.18e+07
    341.75    5.86e+07    5.90e+07
    342.25    6.36e+05    6.42e+05
    342.75    9.85e+05    9.85e+05
    343.25    7.35e+06    7.40e+06
    343.75    1.54e+04    1.54e+04
    344.25    1.57e+04    1.57e+04
    344.75    3.59e+07    4.29e+07
    345.25    1.28e+08    1.31e+08
    345.75    4.88e+07    4.88e+07
    346.25    6.11e+05    1.34e+06
    346.75    5.02e+07    5.04e+07
    347.25    1.99e+08    2.00e+08
    347.75    3.65e+06    4.19e+06
    348.25    8.01e+07    8.01e+07
    348.75    1.92e+04    4.82e+06
    349.25    8.88e+07    8.91e+07
    349.75    2.00e+08    2.01e+08
    350.25    2.05e+04    2.19e+05
    350.75    2.10e+04    1.13e+06
    351.25    7.51e+06    7.58e+06
    351.75    2.19e+04    1.35e+06
    352.25    1.04e+08    1.05e+08
    352.75    1.20e+08    1.23e+08
    353.25    3.60e+07    3.69e+07
    353.75    3.41e+07    3.86e+07
    354.25    5.85e+06    5.85e+06
    354.75    2.51e+04    8.27e+04
    355.25    8.66e+06    9.78e+06
    355.75    2.62e+04    2.63e+06
    356.25    2.44e+08    2.44e+08
    356.75    2.04e+07    2.06e+07
    357.25    2.80e+04    3.39e+04
    357.75    7.66e+06    1.45e+07
    358.25    2.60e+07    4.06e+07
    358.75    3.55e+07    3.68e+07
    359.25    1.85e+07    2.56e+07
    359.75    8.14e+07    8.15e+07
    360.25    3.20e+04    1.23e+05
    360.75    1.82e+08    1.95e+08
    361.25    8.93e+06    9.30e+06
    361.75    3.42e+04    3.43e+04
    362.25    6.77e+05    7.07e+05
    362.75    3.58e+04    3.58e+04
    363.25    3.66e+04    3.66e+04
    363.75    2.16e+07    2.19e+07
    364.25    1.54e+08    1.55e+08
    364.75    3.91e+04    9.43e+05
    365.25    8.62e+07    9.36e+07
    365.75    3.92e+07    3.92e+07
    366.25    4.18e+04    5.54e+04
    366.75    1.16e+06    1.79e+06
    367.25    4.49e+05    2.03e+06
    367.75    1.14e+08    1.26e+08
    368.25    6.96e+08    6.96e+08
    368.75    4.67e+04    2.41e+05
    369.25    3.79e+07    3.79e+07
    369.75    4.88e+04    5.09e+04
    370.25    4.99e+04    5.73e+04
    370.75    5.10e+04    1.26e+05
    371.25    5.71e+06    5.86e+06
    371.75    5.33e+04    8.85e+04
    372.25    2.95e+06    2.95e+06
    372.75    5.58e+04    1.15e+05
    373.25    5.70e+04    8.57e+04
    373.75    2.70e+06    3.20e+07
    374.25    2.26e+07    3.62e+07
    374.75    6.09e+04    6.69e+04
    375.25    6.23e+04    6.23e+04
    375.75    6.37e+04    6.39e+04
    376.25    6.51e+04    1.03e+05
    376.75    6.66e+04    6.66e+04
    377.25    6.81e+04    6.85e+04
    377.75    6.96e+04    2.92e+05
    378.25    1.16e+06    1.16e+06
    378.75    7.27e+04    7.62e+04
    379.25    3.49e+06    1.26e+07
    379.75    9.75e+06    1.84e+07
    380.25    7.77e+04    7.77e+04
    380.75    7.95e+04    1.06e+05
    381.25    8.13e+04    1.44e+05
    381.75    8.31e+04    8.78e+04
    382.25    8.49e+04    9.59e+04
    382.75    4.98e+06    5.09e+06
    383.25    8.88e+04    1.12e+05
    383.75    9.08e+04    7.73e+06
    384.25    9.57e+06    9.57e+06
    384.75    1.03e+07    1.12e+07
    385.25    7.02e+05    7.05e+05
    385.75    9.92e+04    6.97e+06
    386.25    5.60e+06    5.60e+06
    386.75    1.04e+05    1.61e+06
    387.25    2.35e+06    3.23e+06
    387.75    4.37e+06    7.59e+06
    388.25    9.77e+06    9.77e+06
    388.75    1.13e+05    5.52e+05
    389.25    1.16e+05    1.22e+05
    389.75    2.02e+06    2.43e+06
    390.25    1.21e+05    1.22e+05
    390.75    1.24e+05    3.02e+05
    391.25    1.27e+05    1.29e+05
    391.75    1.29e+05    1.29e+05
    392.25    1.80e+07    1.82e+07
    392.75    1.35e+05    1.41e+05
    393.25    1.38e+05    1.46e+05
    393.75    1.63e+06    1.64e+06
    394.25    1.44e+05    1.51e+05
    394.75    8.51e+05    9.09e+05
    395.25    1.98e+06    7.16e+06
    395.75    3.14e+06    3.14e+06
    396.25    1.58e+05    1.60e+05
    396.75    1.61e+05    1.61e+05
    397.25    1.65e+05    1.68e+05
    397.75    1.69e+05    1.80e+05
    398.25    1.72e+05    1.72e+05
    398.75    1.76e+05    1.81e+05
    399.25    3.10e+07    3.22e+07
    399.75    1.81e+07    2.14e+07
    400.25    1.88e+05    3.12e+06
    400.75    5.89e+07    6.53e+07
    401.25    3.65e+07    3.65e+07
    401.75    9.21e+07    1.09e+08
    402.25    2.06e+05    2.06e+05
    402.75    2.10e+05    2.10e+05
    403.25    1.08e+08    1.15e+08
    403.75    2.20e+05    4.61e+06
    404.25    2.25e+05    1.08e+06
    404.75    2.30e+05    2.38e+05
    405.25    2.35e+05    2.36e+05
    405.75    2.40e+05    2.40e+05
    406.25    2.45e+05    2.59e+05
    406.75    3.98e+06    4.01e+06
    407.25    2.56e+05    2.56e+05
    407.75    2.62e+05    2.62e+05
    408.25    2.68e+05    3.80e+05
    408.75    2.74e+05    2.74e+05
    409.25    2.80e+05    4.70e+05
    409.75    2.86e+05    2.87e+05
    410.25    2.93e+05    6.86e+05
    410.75    2.99e+05    8.73e+05
    411.25    3.06e+05    4.19e+05
    411.75    1.11e+06    1.47e+06
    412.25    3.20e+05    3.34e+05
    412.75    3.27e+05    3.93e+05
    413.25    4.23e+06    4.23e+06
    413.75    3.42e+05    3.50e+05
    414.25    3.49e+05    3.79e+05
    414.75    3.57e+05    3.57e+05
    415.25    3.65e+05    4.55e+05
    415.75    3.73e+05    1.35e+07
    416.25    3.56e+07    3.56e+07
    416.75    4.01e+06    5.33e+06
    417.25    4.13e+07    7.23e+07
    417.75    3.57e+07    3.57e+07
    418.25    2.00e+06    2.00e+06
    418.75    4.26e+05    4.26e+05
    419.25    4.35e+05    6.40e+06
    419.75    9.74e+06    9.79e+06
    420.25    4.55e+05    4.87e+05
    420.75    4.65e+05    5.44e+05
    421.25    4.75e+05    5.97e+06
    421.75    5.30e+06    5.41e+06
    422.25    4.97e+05    5.19e+05
    422.75    5.08e+05    5.08e+05
    423.25    5.19e+05    5.19e+05
    423.75    5.31e+05    5.43e+05
    424.25    5.43e+05    6.29e+05
    424.75    5.55e+05    5.55e+05
    425.25    5.67e+05    5.67e+05
    425.75    5.80e+05    5.80e+05
    426.25    5.92e+05    5.94e+05
    426.75    6.06e+05    6.06e+05
    427.25    6.19e+05    6.23e+05
    427.75    6.33e+05    1.28e+06
    428.25    4.14e+06    4.17e+06
    428.75    6.61e+05    1.04e+06
    429.25    2.80e+07    2.80e+07
    429.75    1.83e+06    1.83e+06
    430.25    1.18e+08    1.19e+08
    430.75    7.22e+05    9.62e+05
    431.25    8.13e+07    8.22e+07
    431.75    7.55e+05    7.55e+05
    432.25    7.71e+05    7.71e+05
    432.75    7.89e+05    3.96e+06
    433.25    1.75e+07    1.75e+07
    433.75    8.24e+05    1.02e+06
    434.25    8.42e+05    1.08e+06
    434.75    1.26e+08    1.30e+08
    435.25    8.80e+05    6.07e+06
    435.75    2.90e+07    2.90e+07
    436.25    9.20e+05    3.70e+06
    436.75    2.20e+08    2.20e+08
    437.25    9.61e+05    9.85e+05
    437.75    9.82e+05    1.06e+06
    438.25    2.99e+06    3.03e+06
    438.75    2.05e+06    2.20e+06
    439.25    9.92e+06    1.00e+07
    439.75    1.07e+06    1.07e+06
    440.25    1.82e+06    2.08e+06
    440.75    1.53e+06    1.66e+06
    441.25    8.16e+06    8.16e+06
    441.75    1.17e+06    1.17e+06
    442.25    1.20e+06    1.33e+06
    442.75    1.22e+06    1.29e+06
    443.25    6.47e+06    6.56e+06
    443.75    2.69e+07    2.74e+07
    444.25    3.06e+06    3.06e+06
    444.75    1.34e+06    1.41e+06
    445.25    1.37e+06    1.64e+07
    445.75    1.92e+07    1.92e+07
    446.25    1.43e+06    1.43e+06
    446.75    1.46e+06    1.46e+06
    447.25    4.55e+06    4.92e+06
    447.75    1.52e+06    1.53e+06
    448.25    9.93e+06    1.01e+07
    448.75    1.59e+06    1.59e+06
    449.25    1.63e+06    1.63e+06
    449.75    1.66e+06    1.66e+06
    450.25    1.70e+06    1.70e+06
    450.75    1.74e+06    1.74e+06
    451.25    1.78e+06    1.78e+06
    451.75    3.15e+06    9.30e+06
    452.25    4.54e+06    4.54e+06
    452.75    1.90e+06    2.91e+06
    453.25    1.94e+06    1.94e+06
    453.75    1.98e+06    3.50e+06
    454.25    2.03e+06    2.03e+06
    454.75    2.07e+06    2.09e+06
    455.25    2.12e+06    2.38e+06
    455.75    2.17e+06    2.17e+06
    456.25    2.21e+06    2.21e+06
    456.75    2.26e+06    2.26e+06
    457.25    2.31e+06    2.31e+06
    457.75    2.36e+06    2.54e+06
    458.25    2.42e+06    2.42e+06
    458.75    2.47e+06    2.47e+06
    459.25    7.22e+06    6.59e+07
    459.75    3.64e+07    3.65e+07
    460.25    2.64e+06    5.18e+06
    460.75    4.52e+06    4.77e+06
    461.25    2.76e+06    2.76e+06
    461.75    2.82e+06    2.82e+06
    462.25    3.77e+06    4.95e+06
    462.75    2.94e+06    2.94e+06
    463.25    3.01e+06    3.46e+06
    463.75    3.08e+06    3.08e+06
    464.25    3.14e+06    3.21e+06
    464.75    3.21e+06    4.16e+07
    465.25    3.03e+08    3.03e+08
    465.75    3.36e+06    4.51e+06
    466.25    4.06e+07    4.06e+07
    466.75    3.51e+06    3.53e+06
    467.25    6.54e+06    6.72e+06
    467.75    3.66e+06    3.67e+06
    468.25    3.75e+06    3.75e+06
    468.75    3.83e+06    3.83e+06
    469.25    3.91e+06    3.91e+06
    469.75    3.05e+07    6.38e+07
    470.25    4.09e+06    4.09e+06
    470.75    4.18e+06    4.18e+06
    471.25    4.27e+06    4.27e+06
    471.75    4.37e+06    4.38e+06
    472.25    4.46e+06    4.47e+06
    472.75    4.56e+06    4.56e+06
    473.25    4.66e+06    4.66e+06
    473.75    4.77e+06    4.80e+06
    474.25    4.87e+06    4.87e+06
    474.75    4.98e+06    4.98e+06
    475.25    5.09e+06    5.15e+06
    475.75    5.20e+06    5.22e+06
    476.25    5.32e+06    5.43e+06
    476.75    5.43e+06    5.65e+06
    477.25    6.15e+06    7.03e+06
    477.75    5.68e+06    5.68e+06
    478.25    5.80e+06    5.80e+06
    478.75    5.93e+06    5.93e+06
    479.25    6.60e+06    6.76e+06
    479.75    6.20e+06    6.24e+06
    480.25    1.19e+07    1.42e+07
    480.75    6.47e+06    6.49e+06
    481.25    2.82e+07    3.51e+07
    481.75    6.76e+06    6.78e+06
    482.25    6.91e+06    6.94e+06
    482.75    1.39e+07    2.50e+07
    483.25    7.22e+06    7.22e+06
    483.75    7.38e+06    7.43e+06
    484.25    7.54e+06    7.67e+06
    484.75    7.71e+06    7.76e+06
    485.25    7.88e+06    8.05e+06
    485.75    8.06e+06    8.08e+06
    486.25    8.23e+06    8.35e+06
    486.75    8.42e+06    8.47e+06
    487.25    1.10e+07    1.10e+07
    487.75    8.79e+06    2.01e+07
    488.25    1.31e+07    1.31e+07
    488.75    1.24e+07    2.14e+07
    489.25    2.17e+07    6.24e+07
    489.75    1.27e+07    1.27e+07
    490.25    1.30e+07    2.19e+07
    490.75    1.00e+07    2.12e+07
    491.25    1.65e+07    1.68e+07
    491.75    1.05e+07    1.07e+07
    492.25    1.07e+07    1.07e+07
    492.75    1.09e+07    1.09e+07
    493.25    1.12e+07    1.12e+07
    493.75    1.14e+07    1.14e+07
    494.25    1.17e+07    1.19e+07
    494.75    1.19e+07    1.19e+07
    495.25    1.22e+07    1.22e+07
    495.75    1.25e+07    1.25e+07
    496.25    1.27e+07    1.27e+07
    496.75    1.30e+07    1.30e+07
    497.25    1.33e+07    1.33e+07
    497.75    1.36e+07    1.36e+07
    498.25    1.39e+07    1.40e+07
    498.75    1.42e+07    1.42e+07
    499.25    5.28e+08    5.49e+08
    499.75    1.49e+07    1.49e+07
    500.25    1.52e+07    1.52e+07
    500.75    1.55e+07    1.57e+07
    501.25    1.67e+07    1.67e+07
    501.75    1.62e+07    1.62e+07
    502.25    1.66e+07    1.66e+07
    502.75    1.69e+07    1.69e+07
    503.25    1.73e+07    1.73e+07
    503.75    1.77e+07    1.77e+07
    504.25    1.81e+07    1.81e+07
    504.75    7.01e+04    7.02e+04
    505.25    7.07e+04    7.07e+04
    505.75    7.14e+04    1.02e+05
    506.25    1.00e+06    1.01e+06
    506.75    7.28e+04    7.90e+04
    507.25    1.26e+07    1.10e+08
    507.75    3.78e+07    1.60e+08
    508.25    6.29e+07    6.29e+07
    508.75    7.56e+04    7.56e+04
    509.25    7.63e+04    7.63e+04
    509.75    7.70e+04    1.27e+05
    510.25    4.11e+06    4.11e+06
    510.75    7.85e+04    7.93e+04
    511.25    7.92e+04    7.94e+04
    511.75    8.00e+04    2.76e+06
    512.25    1.66e+07    1.66e+07
    512.75    8.15e+04    8.15e+04
    513.25    8.23e+04    8.23e+04
    513.75    8.31e+04    8.34e+04
    514.25    8.39e+04    8.39e+04
    514.75    8.47e+04    1.32e+05
    515.25    8.55e+04    8.39e+06
    515.75    5.15e+07    5.16e+07
    516.25    8.71e+04    1.81e+05
    516.75    8.79e+04    8.79e+04
    517.25    8.88e+04    9.00e+04
    517.75    8.96e+04    8.98e+04
    518.25    6.37e+05    1.44e+06
    518.75    9.13e+04    9.17e+04
    519.25    9.22e+04    3.27e+05
    519.75    9.30e+04    2.93e+05
    520.25    9.39e+04    1.08e+07
    520.75    2.59e+08    2.59e+08
    521.25    9.57e+04    1.51e+06
    521.75    3.88e+06    2.23e+07
    522.25    9.54e+07    9.55e+07
    522.75    9.85e+04    9.85e+04
    523.25    9.94e+04    1.00e+05
    523.75    1.00e+05    1.09e+05
    524.25    1.01e+05    1.05e+05
    524.75    1.02e+05    1.02e+05
    525.25    1.03e+05    1.03e+05
    525.75    5.32e+07    1.54e+08
    526.25    1.05e+05    1.54e+05
    526.75    1.06e+05    1.11e+05
    527.25    1.07e+05    1.07e+05
    527.75    1.08e+05    1.08e+05
    528.25    1.09e+05    1.09e+05
    528.75    1.10e+05    1.10e+05
    529.25    1.11e+05    1.11e+05
    529.75    1.12e+05    1.18e+05
    530.25    1.13e+05    1.13e+05
    530.75    1.14e+05    1.23e+05
    531.25    1.16e+05    1.16e+05
    531.75    1.17e+05    1.17e+05
    532.25    1.18e+05    1.32e+05
    532.75    1.19e+05    1.73e+05
    533.25    1.20e+05    1.20e+05
    533.75    1.21e+05    1.22e+05
    534.25    1.22e+05    1.23e+05
    534.75    1.23e+05    1.24e+05
    535.25    1.25e+05    1.36e+05
    535.75    1.26e+05    1.52e+05
    536.25    1.27e+05    3.95e+05
    536.75    1.28e+05    4.08e+07
    537.25    2.52e+08    2.52e+08
    537.75    3.52e+06    4.43e+07
    538.25    6.26e+07    1.25e+08
    538.75    1.37e+06    1.43e+06
    539.25    1.34e+05    1.42e+05
    539.75    1.36e+05    1.36e+05
    540.25    1.37e+05    1.37e+05
    540.75    1.38e+05    1.05e+07
    541.25    8.34e+06    8.78e+06
    541.75    1.41e+05    2.10e+07
    542.25    1.65e+07    1.65e+07
    542.75    1.43e+05    1.43e+05
    543.25    1.45e+05    1.45e+05
    543.75    2.44e+07    5.55e+07
    544.25    1.48e+05    1.86e+05
    544.75    1.49e+05    1.65e+05
    545.25    1.50e+05    3.52e+05
    545.75    1.52e+05    1.52e+05
    546.25    1.53e+05    1.53e+05
    546.75    1.55e+05    1.55e+05
    547.25    1.56e+05    1.56e+05
    547.75    1.58e+05    1.58e+05
    548.25    1.59e+05    1.60e+05
    548.75    1.61e+05    1.61e+05
    549.25    1.62e+05    1.62e+05
    549.75    1.64e+05    1.43e+06
    550.25    5.21e+07    5.21e+07
    550.75    1.67e+05    2.04e+06
    551.25    1.68e+05    1.69e+05
    551.75    1.70e+05    1.70e+05
    552.25    1.72e+05    1.92e+05
    552.75    1.73e+05    1.77e+05
    553.25    7.28e+07    1.53e+08
    553.75    1.76e+05    1.64e+08
    554.25    1.50e+08    5.57e+08
    554.75    3.66e+08    3.68e+08
    555.25    7.71e+07    1.62e+08
    555.75    1.83e+05    1.84e+05
    556.25    1.85e+05    1.85e+05
    556.75    1.87e+05    1.87e+05
    557.25    1.88e+05    1.89e+05
    557.75    2.69e+07    2.77e+07
    558.25    1.92e+05    1.13e+07
    558.75    5.29e+07    5.29e+07
    559.25    1.96e+05    2.63e+05
    559.75    4.65e+06    6.04e+06
    560.25    1.99e+05    2.16e+05
    560.75    2.01e+05    3.39e+05
    561.25    3.50e+06    9.55e+06
    561.75    1.61e+07    1.61e+07
    562.25    2.07e+05    1.96e+06
    562.75    9.24e+07    1.10e+08
    563.25    2.11e+05    2.11e+05
    563.75    2.13e+05    6.21e+05
    564.25    2.15e+05    1.89e+06
    564.75    5.61e+06    5.61e+06
    565.25    2.19e+05    2.29e+05
    565.75    2.21e+05    4.24e+05
    566.25    2.23e+05    1.92e+06
    566.75    2.33e+06    2.33e+06
    567.25    2.27e+05    2.27e+05
    567.75    2.29e+05    3.28e+06
    568.25    3.49e+07    3.84e+07
    568.75    2.34e+05    2.36e+05
    569.25    2.36e+05    2.36e+05
    569.75    2.42e+07    3.41e+07
    570.25    2.40e+05    2.60e+05
    570.75    2.43e+05    2.88e+05
    571.25    2.45e+05    2.45e+05
    571.75    2.47e+05    2.55e+06
    572.25    3.78e+07    5.10e+07
    572.75    2.52e+05    2.52e+05
    573.25    2.54e+05    2.54e+05
    573.75    2.57e+05    2.33e+06
    574.25    2.22e+07    3.11e+07
    574.75    7.10e+05    1.88e+06
    575.25    1.71e+06    2.28e+06
    575.75    2.66e+05    2.66e+05
    576.25    2.69e+05    2.69e+05
    576.75    2.71e+05    2.71e+05
    577.25    2.74e+05    2.74e+05
    577.75    2.76e+05    2.76e+05
    578.25    2.79e+05    2.79e+05
    578.75    2.82e+05    2.82e+05
    579.25    2.84e+05    2.84e+05
    579.75    2.87e+05    2.93e+05
    580.25    1.29e+06    4.49e+06
    580.75    3.04e+07    3.78e+07
    581.25    2.95e+05    2.97e+05
    581.75    2.98e+05    2.98e+05
    582.25    3.01e+05    3.01e+05
    582.75    3.03e+05    3.03e+05
    583.25    3.06e+05    3.06e+05
    583.75    3.09e+05    3.09e+05
    584.25    2.12e+09    2.46e+09
    584.75    3.15e+05    3.38e+05
    585.25    3.18e+05    3.52e+05
    585.75    1.91e+07    2.36e+07
    586.25    3.24e+05    3.24e+05
    586.75    3.27e+05    3.27e+05
    587.25    3.30e+05    3.30e+05
    587.75    3.33e+05    3.33e+05
    588.25    3.36e+05    3.36e+05
    588.75    3.39e+05    3.39e+05
    589.25    3.43e+05    3.43e+05
    589.75    1.24e+06    1.24e+06
    590.25    3.49e+05    3.49e+05
    590.75    3.52e+05    3.56e+05
    591.25    3.56e+05    3.56e+05
    591.75    3.59e+05    1.51e+06
    592.25    3.62e+05    3.62e+05
    592.75    3.66e+05    3.66e+05
    593.25    3.69e+05    3.69e+05
    593.75    3.73e+05    3.73e+05
    594.25    3.76e+05    3.76e+05
    594.75    3.80e+05    3.81e+05
    595.25    3.83e+05    3.83e+05
    595.75    3.87e+05    3.87e+05
    596.25    3.90e+05    3.90e+05
    596.75    3.94e+05    3.94e+05
    597.25    3.98e+05    3.98e+05
    597.75    8.45e+06    2.38e+07
    598.25    4.05e+05    4.05e+05
    598.75    4.09e+05    4.09e+05
    599.25    4.13e+05    2.67e+08
    599.75    1.37e+08    1.37e+08
    600.25    4.21e+05    4.23e+05
    600.75    4.24e+05    4.24e+05
    601.25    4.28e+05    4.28e+05
    601.75    4.32e+05    4.32e+05
    602.25    4.36e+05    5.30e+05
    602.75    4.41e+05    4.48e+05
    603.25    4.45e+05    4.46e+05
    603.75    4.49e+05    5.12e+05
    604.25    3.32e+06    3.32e+06
    604.75    4.57e+05    4.57e+05
    605.25    4.62e+05    4.76e+05
    605.75    4.66e+05    4.66e+05
    606.25    4.70e+05    5.06e+05
    606.75    4.75e+05    4.75e+05
    607.25    4.79e+05    4.79e+05
    607.75    4.84e+05    4.84e+05
    608.25    1.04e+08    1.75e+08
    608.75    4.93e+05    5.00e+05
    609.25    4.97e+05    1.02e+06
    609.75    9.94e+08    1.14e+09
    610.25    1.12e+06    1.12e+06
    610.75    1.63e+06    5.61e+06
    611.25    5.16e+05    5.64e+05
    611.75    2.00e+06    2.74e+06
    612.25    5.26e+05    5.26e+05
    612.75    5.31e+05    5.34e+05
    613.25    5.36e+05    5.36e+05
    613.75    5.41e+05    5.41e+05
    614.25    5.46e+05    6.23e+05
    614.75    5.51e+05    5.51e+05
    615.25    5.56e+05    5.56e+05
    615.75    5.61e+05    5.61e+05
    616.25    5.66e+05    5.66e+05
    616.75    3.02e+06    8.28e+06
    617.25    1.92e+06    1.92e+06
    617.75    5.82e+05    5.82e+05
    618.25    5.88e+05    5.88e+05
    618.75    5.93e+05    5.93e+05
    619.25    5.99e+05    5.99e+05
    619.75    6.04e+05    6.09e+05
    620.25    6.10e+05    6.10e+05
    620.75    6.16e+05    6.51e+05
    621.25    5.12e+06    5.16e+06
    621.75    6.27e+05    6.27e+05
    622.25    6.33e+05    6.34e+05
    622.75    6.39e+05    6.39e+05
    623.25    6.45e+05    6.49e+05
    623.75    6.51e+05    6.51e+05
    624.25    6.57e+05    1.26e+07
    624.75    4.26e+08    4.56e+08
    625.25    3.17e+06    3.17e+06
    625.75    4.44e+06    4.02e+07
    626.25    6.82e+05    6.82e+05
    626.75    6.88e+05    6.88e+05
    627.25    6.94e+05    6.94e+05
    627.75    7.01e+05    7.01e+05
    628.25    7.07e+05    7.07e+05
    628.75    7.14e+05    7.14e+05
    629.25    7.21e+05    5.88e+08
    629.75    1.08e+09    1.08e+09
    630.25    7.34e+05    7.83e+05
    630.75    7.41e+05    7.47e+05
    631.25    7.48e+05    7.48e+05
    631.75    7.55e+05    7.67e+05
    632.25    7.62e+05    7.87e+05
    632.75    7.69e+05    7.91e+05
    633.25    7.76e+05    7.79e+05
    633.75    7.83e+05    8.75e+05
    634.25    7.91e+05    7.91e+05
    634.75    7.98e+05    1.37e+06
    635.25    8.05e+05    8.05e+05
    635.75    8.13e+05    8.13e+05
    636.25    8.21e+05    8.44e+05
    636.75    8.28e+05    9.74e+05
    637.25    8.36e+05    8.72e+05
    637.75    3.09e+06    3.17e+06
    638.25    8.51e+05    8.51e+05
    638.75    1.44e+07    1.45e+07
    639.25    8.67e+05    8.67e+05
    639.75    8.75e+05    8.75e+05
    640.25    8.84e+05    8.84e+05
    640.75    8.92e+05    8.92e+05
    641.25    9.00e+05    1.01e+06
    641.75    9.08e+05    9.08e+05
    642.25    9.17e+05    9.17e+05
    642.75    9.25e+05    9.26e+05
    643.25    9.34e+05    9.34e+05
    643.75    9.43e+05    2.27e+07
    644.25    5.67e+06    8.27e+06
    644.75    6.32e+06    1.68e+07
    645.25    7.66e+06    7.66e+06
    645.75    9.78e+05    9.78e+05
    646.25    9.87e+05    9.87e+05
    646.75    9.97e+05    9.97e+05
    647.25    1.01e+06    1.01e+06
    647.75    1.02e+06    1.02e+06
    648.25    1.02e+06    1.04e+06
    648.75    1.03e+06    1.06e+06
    649.25    4.36e+06    4.39e+06
    649.75    1.05e+06    1.05e+06
    650.25    1.06e+06    1.07e+06
    650.75    1.07e+06    1.07e+06
    651.25    1.08e+06    1.08e+06
    651.75    1.09e+06    1.09e+06
    652.25    1.10e+06    2.35e+06
    652.75    1.11e+06    2.57e+06
    653.25    1.12e+06    4.58e+06
    653.75    1.13e+06    3.32e+06
    654.25    1.14e+06    2.00e+06
    654.75    1.16e+06    1.16e+06
    655.25    1.17e+06    8.74e+06
    655.75    1.18e+06    3.41e+06
    656.25    1.19e+06    1.52e+06
    656.75    1.20e+06    1.20e+06
    657.25    1.59e+07    4.54e+07
    657.75    1.22e+06    1.22e+06
    658.25    1.23e+06    6.16e+06
    658.75    2.92e+06    2.92e+06
    659.25    1.26e+06    3.19e+06
    659.75    2.81e+06    9.65e+06
    660.25    5.69e+06    1.02e+07
    660.75    1.29e+06    2.72e+06
    661.25    3.15e+07    9.11e+07
    661.75    1.31e+06    1.31e+06
    662.25    1.33e+06    1.47e+06
    662.75    1.34e+06    1.26e+07
    663.25    4.19e+06    6.00e+06
    663.75    1.36e+06    1.36e+06
    664.25    1.38e+06    1.38e+06
    664.75    1.39e+06    2.37e+06
    665.25    1.40e+06    1.40e+06
    665.75    1.42e+06    3.58e+06
    666.25    1.43e+06    1.43e+06
    666.75    1.44e+06    1.44e+06
    667.25    1.46e+06    1.46e+06
    667.75    6.05e+06    6.05e+06
    668.25    1.48e+06    1.48e+06
    668.75    1.50e+06    1.50e+06
    669.25    1.51e+06    1.52e+06
    669.75    1.52e+06    1.52e+06
    670.25    1.54e+06    1.62e+06
    670.75    1.55e+06    3.32e+06
    671.25    1.05e+07    1.78e+07
    671.75    5.75e+06    8.71e+06
    672.25    1.60e+06    1.60e+06
    672.75    1.61e+06    1.62e+06
    673.25    1.63e+06    1.95e+06
    673.75    1.64e+06    1.83e+06
    674.25    1.66e+06    3.67e+06
    674.75    5.87e+06    5.89e+06
    675.25    1.69e+06    1.69e+06
    675.75    1.70e+06    2.11e+06
    676.25    1.72e+06    1.72e+06
    676.75    1.73e+06    1.73e+06
    677.25    1.75e+06    6.62e+06
    677.75    1.77e+06    3.24e+06
    678.25    1.78e+06    8.14e+06
    678.75    1.80e+06    6.77e+06
    679.25    1.82e+06    1.94e+06
    679.75    1.83e+06    1.83e+06
    680.25    1.85e+06    2.58e+07
    680.75    1.87e+06    2.04e+07
    681.25    1.88e+06    6.68e+06
    681.75    1.90e+06    1.90e+06
    682.25    1.92e+06    1.92e+06
    682.75    1.94e+06    3.70e+06
    683.25    1.95e+06    1.73e+07
    683.75    1.97e+06    1.97e+06
    684.25    1.99e+06    1.99e+06
    684.75    1.75e+07    3.96e+07
    685.25    2.03e+06    4.72e+07
    685.75    1.10e+08    2.21e+08
    686.25    1.76e+07    4.00e+07
    686.75    2.08e+06    2.08e+06
    687.25    2.10e+06    2.10e+06
    687.75    2.12e+06    2.12e+06
    688.25    2.14e+06    2.14e+06
    688.75    2.16e+06    2.16e+06
    689.25    2.18e+06    2.30e+06
    689.75    2.20e+06    2.20e+06
    690.25    2.22e+06    1.74e+07
    690.75    1.59e+07    1.80e+07
    691.25    5.80e+06    6.83e+06
    691.75    3.80e+06    3.80e+06
    692.25    2.31e+06    2.55e+06
    692.75    1.29e+07    1.29e+07
    693.25    2.35e+06    2.35e+06
    693.75    2.37e+06    2.67e+06
    694.25    2.39e+06    2.55e+06
    694.75    2.41e+06    2.41e+06
    695.25    2.44e+06    2.44e+06
    695.75    2.46e+06    2.53e+06
    696.25    2.48e+06    6.33e+06
    696.75    5.01e+06    5.01e+06
    697.25    2.53e+06    2.53e+06
    697.75    2.55e+06    2.55e+06
    698.25    2.58e+06    5.19e+06
    698.75    2.60e+06    2.60e+06
    699.25    2.62e+06    2.62e+06
    699.75    2.65e+06    8.98e+06
    700.25    1.17e+07    1.42e+07
    700.75    2.70e+06    2.70e+06
    701.25    2.72e+06    2.72e+06
    701.75    2.75e+06    2.75e+06
    702.25    4.19e+07    1.26e+08
    702.75    1.17e+08    3.73e+08
    703.25    2.82e+06    2.83e+06
    703.75    5.26e+07    4.73e+08
    704.25    2.88e+06    2.88e+06
    704.75    2.90e+06    2.90e+06
    705.25    2.93e+06    2.93e+06
    705.75    2.96e+06    3.99e+06
    706.25    3.64e+07    3.73e+07
    706.75    3.01e+06    3.01e+06
    707.25    3.04e+06    4.21e+06
    707.75    3.07e+06    3.07e+06
    708.25    3.09e+06    3.09e+06
    708.75    3.12e+06    3.12e+06
    709.25    3.15e+06    3.15e+06
    709.75    3.18e+06    3.18e+06
    710.25    3.21e+06    3.21e+06
    710.75    3.24e+06    1.99e+07
    711.25    3.27e+06    3.27e+06
    711.75    3.30e+06    3.30e+06
    712.25    3.33e+06    4.33e+06
    712.75    7.90e+06    8.01e+06
    713.25    3.39e+06    3.39e+06
    713.75    7.98e+06    8.51e+06
    714.25    3.46e+06    3.46e+06
    714.75    3.49e+06    3.49e+06
    715.25    3.52e+06    3.52e+06
    715.75    3.55e+06    3.62e+06
    716.25    3.58e+06    4.04e+06
    716.75    3.62e+06    4.45e+06
    717.25    3.65e+06    3.69e+06
    717.75    3.68e+06    3.68e+06
    718.25    3.23e+07    2.53e+08
    718.75    5.40e+07    5.40e+07
    719.25    3.79e+06    3.79e+06
    719.75    3.82e+06    3.82e+06
    720.25    3.86e+06    3.86e+06
    720.75    3.89e+06    3.89e+06
    721.25    3.93e+06    8.92e+06
    721.75    3.96e+06    3.96e+06
    722.25    4.00e+06    4.00e+06
    722.75    4.04e+06    4.04e+06
    723.25    4.08e+06    4.08e+06
    723.75    4.11e+06    4.11e+06
    724.25    4.15e+06    6.57e+06
    724.75    4.19e+06    4.19e+06
    725.25    4.23e+06    4.24e+06
    725.75    4.27e+06    1.10e+07
    726.25    4.31e+06    4.31e+06
    726.75    4.35e+06    4.35e+06
    727.25    4.39e+06    4.39e+06
    727.75    4.43e+06    4.43e+06
    728.25    4.47e+06    1.45e+07
    728.75    4.51e+06    4.58e+06
    729.25    4.55e+06    1.02e+07
    729.75    4.59e+06    9.56e+06
    730.25    4.63e+06    4.63e+06
    730.75    4.68e+06    4.75e+06
    731.25    4.72e+06    4.72e+06
    731.75    4.76e+06    4.77e+06
    732.25    4.81e+06    5.13e+06
    732.75    4.85e+06    4.85e+06
    733.25    4.89e+06    4.89e+06
    733.75    4.94e+06    4.94e+06
    734.25    4.99e+06    4.99e+06
    734.75    5.03e+06    5.88e+06
    735.25    5.08e+06    5.08e+06
    735.75    5.12e+06    5.12e+06
    736.25    5.17e+06    5.19e+06
    736.75    5.22e+06    5.22e+06
    737.25    5.27e+06    5.27e+06
    737.75    5.31e+06    5.31e+06
    738.25    5.36e+06    6.00e+06
    738.75    5.41e+06    5.41e+06
    739.25    5.46e+06    5.46e+06
    739.75    5.51e+06    5.51e+06
    740.25    5.56e+06    5.56e+06
    740.75    5.61e+06    5.62e+06
    741.25    5.67e+06    5.67e+06
    741.75    5.72e+06    5.72e+06
    742.25    5.77e+06    5.77e+06
    742.75    5.82e+06    5.82e+06
    743.25    5.88e+06    5.88e+06
    743.75    5.93e+06    5.93e+06
    744.25    5.99e+06    5.99e+06
    744.75    1.42e+07    2.65e+07
    745.25    6.10e+06    6.11e+06
    745.75    7.89e+06    9.66e+06
    746.25    6.21e+06    6.21e+06
    746.75    1.55e+07    2.39e+07
    747.25    6.32e+06    6.32e+06
    747.75    6.38e+06    6.39e+06
    748.25    2.09e+07    4.45e+07
    748.75    6.50e+06    6.50e+06
    749.25    6.56e+06    6.68e+06
    749.75    9.78e+06    6.81e+07
    750.25    4.69e+07    4.69e+07
    750.75    6.74e+06    6.74e+06
    751.25    6.80e+06    6.80e+06
    751.75    6.87e+06    6.87e+06
    752.25    6.93e+06    6.93e+06
    752.75    6.99e+06    7.28e+06
    753.25    7.06e+06    7.06e+06
    753.75    1.43e+07    2.70e+07
    754.25    7.19e+06    7.19e+06
    754.75    7.25e+06    7.25e+06
    755.25    7.32e+06    7.32e+06
    755.75    7.39e+06    7.62e+06
    756.25    7.45e+06    7.53e+06
    756.75    7.52e+06    8.51e+06
    757.25    7.59e+06    7.59e+06
    757.75    7.66e+06    7.96e+06
    758.25    7.73e+06    9.19e+07
    758.75    3.45e+07    3.45e+07
    759.25    2.81e+07    9.38e+07
    759.75    7.95e+06    5.75e+07
    760.25    1.02e+08    3.46e+08
    760.75    8.09e+06    7.27e+07
    761.25    1.12e+07    1.12e+07
    761.75    3.32e+07    1.14e+08
    762.25    8.32e+06    8.33e+06
    762.75    9.66e+06    9.66e+06
    763.25    2.40e+07    4.65e+07
    763.75    8.55e+06    8.55e+06
    764.25    3.88e+07    8.27e+07
    764.75    8.71e+06    2.59e+08
    765.25    2.27e+08    2.27e+08
    765.75    8.87e+06    8.87e+06
    766.25    8.95e+06    8.95e+06
    766.75    9.03e+06    9.03e+06
    767.25    9.11e+06    9.11e+06
    767.75    9.20e+06    9.20e+06
    768.25    9.28e+06    9.28e+06
    768.75    9.37e+06    9.37e+06
    769.25    1.30e+07    1.31e+07
    769.75    9.54e+06    9.54e+06
    770.25    5.70e+08    6.04e+08
    770.75    9.71e+06    9.71e+06
    771.25    9.80e+06    1.55e+07
    771.75    1.58e+07    2.71e+07
    772.25    3.57e+07    5.30e+07
    772.75    1.07e+07    1.26e+07
    773.25    1.02e+07    1.02e+07
    773.75    1.03e+07    1.03e+07
    774.25    1.04e+07    1.14e+07
    774.75    1.11e+07    1.11e+07
    775.25    1.05e+07    1.06e+07
    775.75    3.71e+07    6.10e+07
    776.25    2.14e+07    2.16e+07
    776.75    1.08e+07    1.08e+07
    777.25    1.09e+07    1.09e+07
    777.75    1.10e+07    1.10e+07
    778.25    1.11e+07    1.11e+07
    778.75    1.12e+07    1.12e+07
    779.25    1.13e+07    1.21e+07
    779.75    2.27e+07    4.18e+07
    780.25    2.96e+08    3.13e+08
    780.75    1.17e+07    1.17e+07
    781.25    1.18e+07    1.18e+07
    781.75    1.19e+07    1.19e+07
    782.25    2.40e+07    2.41e+07
    782.75    1.21e+07    1.22e+07
    783.25    1.22e+07    1.22e+07
    783.75    1.23e+07    1.24e+07
    784.25    1.24e+07    1.24e+07
    784.75    1.25e+07    1.25e+07
    785.25    1.27e+07    1.27e+07
    785.75    1.28e+07    1.37e+07
    786.25    9.09e+07    2.16e+08
    786.75    1.30e+07    1.30e+07
    787.25    1.31e+07    3.80e+08
    787.75    2.83e+08    2.83e+08
    788.25    1.34e+07    1.34e+07
    788.75    1.35e+07    1.38e+07
    789.25    1.65e+07    1.65e+07
    789.75    1.37e+07    7.42e+08
    790.25    5.33e+08    5.33e+08
    790.75    1.40e+07    1.40e+07
    791.25    1.41e+07    1.41e+07
    791.75    1.42e+07    1.42e+07
    792.25    1.44e+07    1.44e+07
    792.75    1.45e+07    1.45e+07
    793.25    1.46e+07    1.46e+07
    793.75    1.48e+07    1.48e+07
    794.25    1.49e+07    1.49e+07
    794.75    1.50e+07    1.50e+07
    795.25    1.52e+07    1.52e+07
    795.75    1.53e+07    1.53e+07
    796.25    1.55e+07    5.91e+07
    796.75    2.71e+07    2.71e+07
    797.25    1.57e+07    1.57e+07
    797.75    1.59e+07    1.59e+07
    798.25    1.60e+07    1.78e+07
    798.75    1.62e+07    1.62e+07
    799.25    1.63e+07    1.63e+07
    799.75    1.65e+07    1.65e+07
    800.25    1.66e+07    2.01e+07
    800.75    1.68e+07    1.68e+07
    801.25    1.69e+07    1.69e+07
    801.75    1.71e+07    1.79e+07
    802.25    1.72e+07    1.72e+07
    802.75    1.74e+07    1.74e+07
    803.25    1.76e+07    1.76e+07
    803.75    1.77e+07    2.29e+07
    804.25    1.79e+07    1.79e+07
    804.75    1.80e+07    1.80e+07
    805.25    1.82e+07    1.82e+07
    805.75    1.84e+07    1.84e+07
    806.25    1.85e+07    1.85e+07
    806.75    1.87e+07    1.87e+07
    807.25    1.89e+07    1.89e+07
    807.75    1.91e+07    1.91e+07
    808.25    1.92e+07    1.92e+07
    808.75    1.94e+07    1.94e+07
    809.25    1.96e+07    2.96e+07
    809.75    2.40e+07    2.40e+07
    810.25    1.99e+07    1.99e+07
    810.75    2.01e+07    2.01e+07
    811.25    2.03e+07    2.03e+07
    811.75    2.05e+07    2.05e+07
    812.25    2.07e+07    2.07e+07
    812.75    2.09e+07    2.09e+07
    813.25    2.11e+07    2.11e+07
    813.75    2.13e+07    2.13e+07
    814.25    2.15e+07    2.16e+07
    814.75    2.16e+07    2.24e+07
    815.25    2.33e+07    2.33e+07
    815.75    2.90e+07    4.38e+07
    816.25    2.22e+07    2.22e+07
    816.75    2.24e+07    2.24e+07
    817.25    2.27e+07    2.27e+07
    817.75    2.29e+07    2.53e+07
    818.25    2.61e+07    2.62e+07
    818.75    2.33e+07    2.33e+07
    819.25    2.35e+07    2.35e+07
    819.75    2.37e+07    2.37e+07
    820.25    2.39e+07    2.39e+07
    820.75    2.41e+07    2.67e+07
    821.25    2.44e+07    2.44e+07
    821.75    2.46e+07    2.48e+07
    822.25    2.48e+07    3.33e+07
    822.75    2.50e+07    2.50e+07
    823.25    2.53e+07    2.53e+07
    823.75    2.55e+07    2.55e+07
    824.25    2.57e+07    2.66e+07
    824.75    2.60e+07    2.61e+07
    825.25    2.62e+07    2.62e+07
    825.75    2.64e+07    2.64e+07
    826.25    2.67e+07    2.67e+07
    826.75    2.69e+07    2.69e+07
    827.25    2.72e+07    2.72e+07
    827.75    2.74e+07    2.74e+07
    828.25    2.77e+07    2.77e+07
    828.75    2.79e+07    2.79e+07
    829.25    2.82e+07    2.82e+07
    829.75    2.84e+07    2.84e+07
    830.25    2.87e+07    2.87e+07
    830.75    2.89e+07    2.89e+07
    831.25    2.92e+07    2.92e+07
    831.75    2.95e+07    2.95e+07
    832.25    2.97e+07    2.97e+07
    832.75    1.74e+08    4.93e+08
    833.25    1.71e+08    5.98e+08
    833.75    2.64e+08    6.81e+08
    834.25    2.44e+08    7.07e+08
    834.75    3.11e+07    1.69e+08
    835.25    4.28e+08    1.20e+09
    835.75    3.17e+07    3.22e+07
    836.25    3.20e+07    4.21e+07
    836.75    3.56e+07    3.56e+07
    837.25    3.26e+07    3.83e+07
    837.75    3.29e+07    3.29e+07
    838.25    3.32e+07    3.34e+07
    838.75    3.35e+07    3.35e+07
    839.25    3.38e+07    3.38e+07
    839.75    3.41e+07    3.41e+07
    840.25    3.44e+07    3.44e+07
    840.75    3.47e+07    3.47e+07
    841.25    3.50e+07    3.50e+07
    841.75    3.53e+07    3.53e+07
    842.25    3.57e+07    3.58e+07
    842.75    3.60e+07    3.60e+07
    843.25    3.63e+07    3.63e+07
    843.75    3.66e+07    3.66e+07
    844.25    3.70e+07    3.70e+07
    844.75    3.73e+07    3.73e+07
    845.25    3.77e+07    7.70e+07
    845.75    3.80e+07    3.80e+07
    846.25    3.83e+07    3.83e+07
    846.75    3.87e+07    3.87e+07
    847.25    3.91e+07    3.91e+07
    847.75    3.94e+07    3.94e+07
    848.25    3.98e+07    3.98e+07
    848.75    4.01e+07    4.31e+07
    849.25    4.05e+07    4.05e+07
    849.75    4.09e+07    4.09e+07
    850.25    4.12e+07    4.12e+07
    850.75    4.16e+07    4.16e+07
    851.25    4.20e+07    4.20e+07
    851.75    4.24e+07    4.61e+07
    852.25    4.35e+07    4.61e+07
    852.75    4.31e+07    4.44e+07
    853.25    4.35e+07    4.35e+07
    853.75    4.39e+07    4.39e+07
    854.25    4.43e+07    4.43e+07
    854.75    4.94e+07    6.09e+07
    855.25    4.51e+07    4.51e+07
    855.75    4.56e+07    4.56e+07
    856.25    4.60e+07    4.60e+07
    856.75    4.64e+07    4.64e+07
    857.25    4.68e+07    4.68e+07
    857.75    4.72e+07    7.28e+07
    858.25    4.77e+07    1.16e+08
    858.75    4.81e+07    4.81e+07
    859.25    4.85e+07    4.85e+07
    859.75    4.90e+07    4.90e+07
    860.25    5.04e+07    5.49e+07
    860.75    4.99e+07    4.99e+07
    861.25    5.03e+07    5.03e+07
    861.75    5.08e+07    5.08e+07
    862.25    5.12e+07    5.12e+07
    862.75    5.17e+07    5.17e+07
    863.25    5.22e+07    5.22e+07
    863.75    5.27e+07    5.27e+07
    864.25    5.31e+07    5.31e+07
    864.75    5.36e+07    5.36e+07
    865.25    5.41e+07    5.41e+07
    865.75    5.46e+07    5.46e+07
    866.25    5.51e+07    5.51e+07
    866.75    5.56e+07    5.56e+07
    867.25    5.61e+07    5.61e+07
    867.75    5.66e+07    5.67e+07
    868.25    6.51e+07    6.51e+07
    868.75    5.76e+07    5.76e+07
    869.25    5.82e+07    5.82e+07
    869.75    5.87e+07    5.87e+07
    870.25    5.92e+07    5.92e+07
    870.75    5.98e+07    5.98e+07
    871.25    6.03e+07    6.04e+07
    871.75    6.30e+07    6.41e+07
    872.25    6.14e+07    6.14e+07
    872.75    6.20e+07    6.20e+07
    873.25    6.25e+07    6.25e+07
    873.75    6.31e+07    6.32e+07
    874.25    6.37e+07    6.37e+07
    874.75    6.43e+07    6.43e+07
    875.25    6.60e+07    6.65e+07
    875.75    6.65e+07    6.66e+07
    876.25    6.60e+07    6.60e+07
    876.75    6.66e+07    6.66e+07
    877.25    6.72e+07    6.72e+07
    877.75    6.78e+07    6.78e+07
    878.25    6.85e+07    6.88e+07
    878.75    6.91e+07    6.91e+07
    879.25    6.97e+07    6.97e+07
    879.75    7.03e+07    7.03e+07
    880.25    7.10e+07    7.10e+07
    880.75    7.16e+07    7.16e+07
    881.25    7.23e+07    7.23e+07
    881.75    7.29e+07    7.29e+07
    882.25    7.36e+07    7.36e+07
    882.75    7.43e+07    7.43e+07
    883.25    7.49e+07    7.49e+07
    883.75    7.56e+07    7.56e+07
    884.25    7.63e+07    7.86e+07
    884.75    7.88e+07    7.88e+07
    885.25    7.77e+07    7.78e+07
    885.75    7.92e+07    7.92e+07
    886.25    7.91e+07    7.91e+07
    886.75    7.98e+07    7.98e+07
    887.25    8.06e+07    8.06e+07
    887.75    8.13e+07    8.13e+07
    888.25    8.20e+07    8.20e+07
    888.75    8.28e+07    8.28e+07
    889.25    8.35e+07    8.35e+07
    889.75    8.43e+07    8.43e+07
    890.25    8.50e+07    8.50e+07
    890.75    8.58e+07    8.58e+07
    891.25    8.66e+07    8.66e+07
    891.75    8.74e+07    8.74e+07
    892.25    8.82e+07    8.82e+07
    892.75    8.90e+07    8.90e+07
    893.25    8.98e+07    8.98e+07
    893.75    9.06e+07    9.07e+07
    894.25    9.14e+07    9.14e+07
    894.75    9.22e+07    9.48e+07
    895.25    1.12e+08    1.12e+08
    895.75    9.39e+07    9.39e+07
    896.25    9.48e+07    9.48e+07
    896.75    9.56e+07    9.56e+07
    897.25    9.65e+07    9.65e+07
    897.75    9.74e+07    9.74e+07
    898.25    9.83e+07    9.83e+07
    898.75    1.01e+08    1.04e+08
    899.25    1.00e+08    1.00e+08
    899.75    1.01e+08    1.01e+08
    900.25    1.02e+08    1.07e+08
    900.75    1.03e+08    1.03e+08
    901.25    1.04e+08    1.04e+08
    901.75    1.05e+08    1.05e+08
    902.25    1.06e+08    1.09e+08
    902.75    1.07e+08    1.07e+08
    903.25    1.08e+08    1.85e+08
    903.75    1.09e+08    6.52e+08
    904.25    3.36e+08    4.14e+08
    904.75    1.11e+08    1.11e+08
    905.25    1.12e+08    1.12e+08
    905.75    1.13e+08    1.13e+08
    906.25    1.14e+08    1.14e+08
    906.75    1.20e+08    1.22e+08
    907.25    1.16e+08    1.16e+08
    907.75    1.17e+08    1.17e+08
    908.25    1.18e+08    1.18e+08
    908.75    1.19e+08    1.19e+08
    909.25    1.20e+08    1.20e+08
    909.75    1.21e+08    1.21e+08
    910.25    1.26e+08    1.27e+08
    910.75    1.23e+08    1.26e+08
    911.25    1.24e+08    1.24e+08
    911.75    1.25e+08    1.25e+08
    912.25    3.58e+08    4.11e+08
    912.75    5.36e+06    5.37e+06
    913.25    3.58e+08    4.10e+08
    913.75    3.16e+06    3.24e+06
    914.25    1.33e+08    1.52e+08
    914.75    3.21e+06    3.27e+06
    915.25    1.33e+08    1.64e+08
    915.75    3.57e+07    7.11e+07
    916.25    1.65e+08    2.43e+08
    916.75    8.42e+07    9.73e+07
    917.25    9.36e+07    9.36e+07
    917.75    3.34e+06    1.70e+07
    918.25    9.67e+07    9.67e+07
    918.75    3.39e+06    3.39e+06
    919.25    1.05e+08    1.20e+08
    919.75    3.44e+06    3.44e+06
    920.25    3.46e+06    3.46e+06
    920.75    1.08e+08    1.23e+08
    921.25    3.51e+06    4.33e+06
    921.75    1.08e+07    3.98e+07
    922.25    3.56e+06    2.70e+07
    922.75    9.22e+06    1.32e+08
    923.25    1.56e+08    1.81e+08
    923.75    7.34e+06    7.59e+06
    924.25    1.07e+07    3.98e+07
    924.75    3.68e+06    3.68e+06
    925.25    3.71e+06    3.71e+06
    925.75    3.74e+06    2.33e+07
    926.25    1.38e+08    1.38e+08
    926.75    3.79e+06    3.79e+06
    927.25    3.81e+06    3.81e+06
    927.75    3.84e+06    3.84e+06
    928.25    3.87e+06    3.87e+06
    928.75    3.90e+06    3.90e+06
    929.25    3.92e+06    3.92e+06
    929.75    3.95e+06    3.95e+06
    930.25    3.98e+06    2.88e+07
    930.75    1.74e+08    1.74e+08
    931.25    4.03e+06    4.03e+06
    931.75    4.06e+06    4.06e+06
    932.25    4.09e+06    4.09e+06
    932.75    4.12e+06    4.12e+06
    933.25    1.25e+08    1.55e+08
    933.75    4.18e+06    4.18e+06
    934.25    4.20e+06    4.20e+06
    934.75    4.23e+06    4.23e+06
    935.25    4.26e+06    4.26e+06
    935.75    4.29e+06    4.29e+06
    936.25    4.32e+06    4.32e+06
    936.75    4.35e+06    4.35e+06
    937.25    4.38e+06    4.38e+06
    937.75    2.77e+08    3.17e+08
    938.25    4.44e+06    4.44e+06
    938.75    4.48e+06    4.48e+06
    939.25    4.51e+06    4.51e+06
    939.75    4.54e+06    4.54e+06
    940.25    4.57e+06    4.57e+06
    940.75    4.60e+06    4.60e+06
    941.25    4.63e+06    4.64e+06
    941.75    4.67e+06    4.67e+06
    942.25    4.70e+06    4.70e+06
    942.75    4.73e+06    4.73e+06
    943.25    4.76e+06    4.78e+06
    943.75    4.80e+06    4.80e+06
    944.25    5.43e+07    6.96e+07
    944.75    6.61e+07    6.61e+07
    945.25    4.90e+06    4.90e+06
    945.75    7.07e+06    7.07e+06
    946.25    4.97e+06    4.97e+06
    946.75    5.00e+06    5.00e+06
    947.25    5.04e+06    5.04e+06
    947.75    5.07e+06    5.08e+06
    948.25    5.11e+06    5.11e+06
    948.75    5.14e+06    5.14e+06
    949.25    2.42e+07    9.21e+07
    949.75    4.72e+08    4.72e+08
    950.25    1.62e+07    1.62e+07
    950.75    5.29e+06    5.29e+06
    951.25    5.32e+06    5.32e+06
    951.75    5.36e+06    5.36e+06
    952.25    5.40e+06    5.40e+06
    952.75    5.44e+06    5.44e+06
    953.25    5.47e+06    5.47e+06
    953.75    5.51e+06    5.51e+06
    954.25    7.20e+06    8.11e+06
    954.75    5.59e+06    5.59e+06
    955.25    6.52e+06    7.96e+06
    955.75    5.67e+06    5.67e+06
    956.25    5.71e+06    5.71e+06
    956.75    5.75e+06    5.75e+06
    957.25    5.79e+06    5.79e+06
    957.75    5.83e+06    5.83e+06
    958.25    5.87e+06    5.87e+06
    958.75    5.91e+06    5.91e+06
    959.25    5.95e+06    5.95e+06
    959.75    5.99e+06    5.99e+06
    960.25    6.03e+06    6.03e+06
    960.75    6.07e+06    6.07e+06
    961.25    6.12e+06    6.12e+06
    961.75    6.16e+06    6.16e+06
    962.25    7.12e+06    8.74e+06
    962.75    6.24e+06    6.31e+06
    963.25    6.29e+06    6.29e+06
    963.75    6.33e+06    6.33e+06
    964.25    6.37e+06    6.37e+06
    964.75    6.42e+06    6.42e+06
    965.25    6.46e+06    6.46e+06
    965.75    6.51e+06    6.51e+06
    966.25    6.55e+06    6.55e+06
    966.75    6.60e+06    6.60e+06
    967.25    6.65e+06    7.83e+06
    967.75    6.69e+06    6.72e+06
    968.25    6.74e+06    6.74e+06
    968.75    6.78e+06    6.99e+06
    969.25    6.83e+06    6.90e+06
    969.75    6.88e+06    6.88e+06
    970.25    6.93e+06    6.93e+06
    970.75    6.98e+06    6.98e+06
    971.25    7.02e+06    7.02e+06
    971.75    7.07e+06    7.07e+06
    972.25    7.12e+06    1.50e+08
    972.75    9.87e+08    9.87e+08
    973.25    7.22e+06    7.22e+06
    973.75    7.27e+06    7.27e+06
    974.25    7.32e+06    7.32e+06
    974.75    7.37e+06    9.13e+06
    975.25    7.42e+06    7.42e+06
    975.75    7.48e+06    7.48e+06
    976.25    7.53e+06    7.53e+06
    976.75    7.58e+06    4.87e+09
    977.25    4.94e+09    4.94e+09
    977.75    7.69e+06    7.69e+06
    978.25    7.74e+06    7.74e+06
    978.75    7.79e+06    7.79e+06
    979.25    7.85e+06    7.85e+06
    979.75    1.21e+07    2.02e+07
    980.25    7.96e+06    7.96e+06
    980.75    8.01e+06    8.01e+06
    981.25    8.07e+06    8.07e+06
    981.75    8.12e+06    8.12e+06
    982.25    8.18e+06    8.18e+06
    982.75    8.24e+06    8.24e+06
    983.25    8.29e+06    8.29e+06
    983.75    8.35e+06    8.35e+06
    984.25    8.41e+06    8.41e+06
    984.75    8.47e+06    8.47e+06
    985.25    8.53e+06    8.53e+06
    985.75    8.59e+06    8.59e+06
    986.25    8.64e+06    8.64e+06
    986.75    8.70e+06    8.70e+06
    987.25    8.77e+06    8.77e+06
    987.75    8.83e+06    8.83e+06
    988.25    8.89e+06    8.91e+06
    988.75    8.95e+06    8.95e+06
    989.25    9.01e+06    9.01e+06
    989.75    1.08e+08    2.61e+08
    990.25    9.14e+06    9.14e+06
    990.75    9.20e+06    9.20e+06
    991.25    9.26e+06    3.07e+08
    991.75    2.08e+08    2.08e+08
    992.25    9.39e+06    9.43e+06
    992.75    1.05e+07    1.05e+07
    993.25    9.52e+06    1.35e+07
    993.75    1.37e+07    1.37e+07
    994.25    9.66e+06    9.66e+06
    994.75    2.21e+07    3.41e+07
    995.25    9.79e+06    9.79e+06
    995.75    9.86e+06    1.16e+07
    996.25    1.48e+07    1.48e+07
    996.75    1.00e+07    1.06e+07
    997.25    3.35e+07    5.36e+07
    997.75    1.01e+07    1.01e+07
    998.25    1.02e+07    1.02e+07
    998.75    1.03e+07    1.22e+07
    999.25    2.61e+07    2.61e+07
    999.75    1.04e+07    1.04e+07
   1000.25    1.35e+07    1.47e+07
   1000.75    1.06e+07    1.07e+07
   1001.25    1.06e+07    1.06e+07
   1001.75    1.07e+07    1.07e+07
   1002.25    1.08e+07    1.08e+07
   1002.75    1.09e+07    1.10e+07
   1003.25    1.09e+07    1.09e+07
   1003.75    1.10e+07    1.10e+07
   1004.25    1.11e+07    1.11e+07
   1004.75    1.12e+07    1.12e+07
   1005.25    1.12e+07    1.16e+07
   1005.75    2.06e+07    2.12e+07
   1006.25    1.71e+07    1.76e+07
   1006.75    1.50e+07    1.55e+07
   1007.25    1.16e+07    1.16e+07
   1007.75    1.16e+07    1.16e+07
   1008.25    1.17e+07    1.17e+07
   1008.75    1.18e+07    1.18e+07
   1009.25    1.19e+07    1.19e+07
   1009.75    1.20e+07    6.22e+07
   1010.25    1.03e+08    1.53e+08
   1010.75    1.21e+07    1.21e+07
   1011.25    1.22e+07    1.22e+07
   1011.75    1.23e+07    1.23e+07
   1012.25    1.24e+07    2.01e+07
   1012.75    1.25e+07    1.25e+07
   1013.25    1.26e+07    1.26e+07
   1013.75    1.26e+07    1.27e+07
   1014.25    1.55e+07    1.66e+07
   1014.75    1.28e+07    1.28e+07
   1015.25    1.29e+07    2.66e+07
   1015.75    1.30e+07    2.20e+07
   1016.25    1.31e+07    1.31e+07
   1016.75    1.32e+07    1.32e+07
   1017.25    1.33e+07    1.33e+07
   1017.75    1.34e+07    1.34e+07
   1018.25    1.35e+07    1.35e+07
   1018.75    1.35e+07    1.35e+07
   1019.25    1.36e+07    1.43e+07
   1019.75    1.55e+07    1.55e+07
   1020.25    1.38e+07    1.38e+07
   1020.75    4.63e+07    5.50e+07
   1021.25    1.40e+07    4.23e+07
   1021.75    1.41e+07    1.41e+07
   1022.25    1.42e+07    1.42e+07
   1022.75    1.43e+07    1.43e+07
   1023.25    1.44e+07    1.44e+07
   1023.75    1.45e+07    1.45e+07
   1024.25    1.46e+07    1.46e+07
   1024.75    1.47e+07    1.47e+07
   1025.25    1.48e+07    6.82e+08
   1025.75    4.60e+09    4.60e+09
   1026.25    1.50e+07    1.50e+07
   1026.75    1.51e+07    1.51e+07
   1027.25    1.52e+07    1.52e+07
   1027.75    1.53e+07    1.53e+07
   1028.25    1.94e+07    1.94e+07
   1028.75    1.55e+07    1.55e+07
   1029.25    1.57e+07    1.57e+07
   1029.75    1.58e+07    1.58e+07
   1030.25    1.59e+07    1.59e+07
   1030.75    1.60e+07    1.60e+07
   1031.25    1.61e+07    1.61e+07
   1031.75    3.20e+09    3.64e+09
   1032.25    1.63e+07    1.63e+07
   1032.75    1.64e+07    1.64e+07
   1033.25    1.65e+07    1.65e+07
   1033.75    1.67e+07    1.67e+07
   1034.25    1.68e+07    1.68e+07
   1034.75    1.69e+07    1.69e+07
   1035.25    1.70e+07    1.70e+07
   1035.75    1.71e+07    1.71e+07
   1036.25    2.03e+08    3.28e+08
   1036.75    1.74e+07    2.65e+08
   1037.25    2.39e+08    4.60e+08
   1037.75    1.62e+09    1.62e+09
   1038.25    1.77e+07    1.77e+07
   1038.75    1.78e+07    1.78e+07
   1039.25    1.80e+07    1.80e+07
   1039.75    1.81e+07    1.81e+07
   1040.25    1.97e+07    2.23e+07
   1040.75    1.83e+07    1.83e+07
   1041.25    1.85e+07    1.85e+07
   1041.75    1.86e+07    1.86e+07
   1042.25    1.87e+07    1.87e+07
   1042.75    1.89e+07    1.89e+07
   1043.25    1.90e+07    1.90e+07
   1043.75    1.91e+07    1.91e+07
   1044.25    1.93e+07    1.93e+07
   1044.75    1.94e+07    1.94e+07
   1045.25    1.95e+07    1.95e+07
   1045.75    2.62e+07    2.71e+07
   1046.25    1.98e+07    1.98e+07
   1046.75    1.99e+07    1.99e+07
   1047.25    2.01e+07    2.04e+07
   1047.75    2.47e+07    2.50e+07
   1048.25    2.03e+07    2.03e+07
   1048.75    2.05e+07    2.09e+07
   1049.25    3.13e+07    3.13e+07
   1049.75    2.08e+07    2.10e+07
   1050.25    2.09e+07    2.11e+07
   1050.75    2.11e+07    2.11e+07
   1051.25    2.12e+07    2.12e+07
   1051.75    2.13e+07    2.13e+07
   1052.25    2.15e+07    2.15e+07
   1052.75    2.16e+07    2.16e+07
   1053.25    2.18e+07    2.18e+07
   1053.75    2.19e+07    2.19e+07
   1054.25    2.21e+07    2.21e+07
   1054.75    2.22e+07    2.22e+07
   1055.25    2.24e+07    2.24e+07
   1055.75    2.26e+07    2.26e+07
   1056.25    2.27e+07    2.27e+07
   1056.75    2.29e+07    2.29e+07
   1057.25    2.55e+07    2.55e+07
   1057.75    2.32e+07    2.32e+07
   1058.25    2.33e+07    2.33e+07
   1058.75    2.35e+07    2.35e+07
   1059.25    2.37e+07    2.37e+07
   1059.75    2.38e+07    2.38e+07
   1060.25    2.40e+07    2.40e+07
   1060.75    2.42e+07    2.42e+07
   1061.25    2.43e+07    2.43e+07
   1061.75    2.45e+07    2.45e+07
   1062.25    2.47e+07    8.03e+07
   1062.75    3.38e+07    3.38e+07
   1063.25    2.50e+07    2.51e+07
   1063.75    2.52e+07    2.52e+07
   1064.25    2.54e+07    2.54e+07
   1064.75    2.55e+07    2.55e+07
   1065.25    2.57e+07    2.57e+07
   1065.75    2.59e+07    4.44e+07
   1066.25    2.61e+07    2.64e+07
   1066.75    2.62e+07    2.62e+07
   1067.25    2.64e+07    2.64e+07
   1067.75    2.66e+07    2.66e+07
   1068.25    2.68e+07    2.68e+07
   1068.75    2.70e+07    2.70e+07
   1069.25    2.72e+07    2.72e+07
   1069.75    2.74e+07    2.74e+07
   1070.25    2.75e+07    2.75e+07
   1070.75    2.77e+07    2.77e+07
   1071.25    2.79e+07    2.79e+07
   1071.75    2.81e+07    2.81e+07
   1072.25    2.83e+07    2.83e+07
   1072.75    4.46e+07    1.33e+08
   1073.25    2.87e+07    3.74e+07
   1073.75    3.05e+07    3.05e+07
   1074.25    2.91e+07    2.91e+07
   1074.75    2.93e+07    2.93e+07
   1075.25    2.95e+07    2.95e+07
   1075.75    2.97e+07    2.97e+07
   1076.25    2.99e+07    2.99e+07
   1076.75    3.01e+07    6.80e+07
   1077.25    3.03e+07    3.03e+07
   1077.75    3.05e+07    3.05e+07
   1078.25    3.07e+07    3.07e+07
   1078.75    3.10e+07    3.10e+07
   1079.25    3.12e+07    3.59e+07
   1079.75    3.14e+07    3.14e+07
   1080.25    3.16e+07    3.16e+07
   1080.75    3.18e+07    3.18e+07
   1081.25    3.20e+07    3.20e+07
   1081.75    3.23e+07    3.23e+07
   1082.25    3.25e+07    3.25e+07
   1082.75    3.27e+07    3.27e+07
   1083.25    3.29e+07    3.29e+07
   1083.75    9.23e+07    1.28e+08
   1084.25    3.34e+07    1.39e+08
   1084.75    2.10e+08    2.10e+08
   1085.25    3.38e+07    2.09e+08
   1085.75    3.28e+08    3.28e+08
   1086.25    3.43e+07    3.43e+07
   1086.75    3.46e+07    3.46e+07
   1087.25    3.48e+07    3.48e+07
   1087.75    3.50e+07    3.50e+07
   1088.25    3.53e+07    3.53e+07
   1088.75    3.55e+07    3.55e+07
   1089.25    3.58e+07    3.58e+07
   1089.75    3.60e+07    3.60e+07
   1090.25    3.63e+07    3.63e+07
   1090.75    3.65e+07    3.65e+07
   1091.25    3.68e+07    3.68e+07
   1091.75    3.70e+07    3.70e+07
   1092.25    3.73e+07    3.73e+07
   1092.75    3.75e+07    3.75e+07
   1093.25    3.78e+07    3.78e+07
   1093.75    3.80e+07    3.80e+07
   1094.25    3.83e+07    3.83e+07
   1094.75    3.86e+07    3.86e+07
   1095.25    3.88e+07    3.88e+07
   1095.75    3.91e+07    3.91e+07
   1096.25    3.94e+07    4.10e+07
   1096.75    4.53e+07    4.53e+07
   1097.25    3.99e+07    3.99e+07
   1097.75    4.02e+07    4.02e+07
   1098.25    4.05e+07    4.08e+07
   1098.75    4.07e+07    4.53e+07
   1099.25    4.10e+07    4.38e+07
   1099.75    4.13e+07    4.17e+07
   1100.25    4.16e+07    4.16e+07
   1100.75    4.19e+07    4.19e+07
   1101.25    8.49e+06    8.49e+06
   1101.75    8.57e+06    8.60e+06
   1102.25    1.07e+07    1.13e+07
   1102.75    8.75e+06    8.75e+06
   1103.25    8.84e+06    8.84e+06
   1103.75    8.92e+06    8.92e+06
   1104.25    9.02e+06    9.02e+06
   1104.75    9.11e+06    9.11e+06
   1105.25    9.20e+06    9.32e+06
   1105.75    9.29e+06    9.29e+06
   1106.25    9.39e+06    9.39e+06
   1106.75    9.48e+06    9.48e+06
   1107.25    9.58e+06    9.60e+06
   1107.75    9.67e+06    9.67e+06
   1108.25    5.30e+07    9.74e+07
   1108.75    9.87e+06    9.87e+06
   1109.25    9.97e+06    9.97e+06
   1109.75    1.27e+08    2.60e+08
   1110.25    1.02e+07    1.02e+07
   1110.75    1.03e+07    1.05e+07
   1111.25    1.04e+07    1.04e+07
   1111.75    1.05e+07    1.05e+07
   1112.25    1.06e+07    1.06e+07
   1112.75    1.07e+07    2.50e+08
   1113.25    2.77e+08    2.77e+08
   1113.75    1.09e+07    1.09e+07
   1114.25    1.10e+07    1.10e+07
   1114.75    1.11e+07    1.11e+07
   1115.25    1.12e+07    1.13e+07
   1115.75    1.14e+07    1.14e+07
   1116.25    1.15e+07    1.15e+07
   1116.75    1.16e+07    1.18e+07
   1117.25    1.17e+07    1.17e+07
   1117.75    1.18e+07    1.53e+07
   1118.25    1.19e+07    1.19e+07
   1118.75    1.21e+07    1.21e+07
   1119.25    1.22e+07    1.22e+07
   1119.75    1.23e+07    1.23e+07
   1120.25    1.24e+07    1.24e+07
   1120.75    1.26e+07    1.26e+07
   1121.25    1.27e+07    1.27e+07
   1121.75    1.28e+07    1.29e+07
   1122.25    2.12e+07    2.58e+07
   1122.75    1.31e+07    1.31e+07
   1123.25    1.32e+07    1.32e+07
   1123.75    1.33e+07    1.33e+07
   1124.25    1.35e+07    1.36e+07
   1124.75    1.36e+07    1.40e+07
   1125.25    1.38e+07    1.38e+07
   1125.75    1.39e+07    1.39e+07
   1126.25    1.40e+07    1.41e+07
   1126.75    1.42e+07    1.45e+07
   1127.25    1.43e+07    1.43e+07
   1127.75    1.45e+07    1.50e+07
   1128.25    3.08e+07    3.88e+07
   1128.75    1.48e+07    1.48e+07
   1129.25    1.49e+07    1.49e+07
   1129.75    1.51e+07    1.51e+07
   1130.25    1.52e+07    1.52e+07
   1130.75    1.54e+07    1.56e+07
   1131.25    1.55e+07    1.56e+07
   1131.75    1.57e+07    1.57e+07
   1132.25    1.58e+07    1.58e+07
   1132.75    1.60e+07    1.60e+07
   1133.25    1.62e+07    1.62e+07
   1133.75    1.63e+07    1.63e+07
   1134.25    1.65e+07    1.65e+07
   1134.75    1.67e+07    1.67e+07
   1135.25    1.68e+07    1.68e+07
   1135.75    1.70e+07    1.70e+07
   1136.25    1.72e+07    1.76e+07
   1136.75    1.73e+07    1.73e+07
   1137.25    2.10e+07    2.10e+07
   1137.75    1.77e+07    1.78e+07
   1138.25    1.79e+07    1.81e+07
   1138.75    1.80e+07    1.80e+07
   1139.25    1.82e+07    1.82e+07
   1139.75    1.84e+07    1.84e+07
   1140.25    1.86e+07    1.86e+07
   1140.75    1.88e+07    1.88e+07
   1141.25    1.90e+07    1.90e+07
   1141.75    1.92e+07    1.92e+07
   1142.25    1.94e+07    1.94e+07
   1142.75    1.96e+07    1.96e+07
   1143.25    1.98e+07    1.98e+07
   1143.75    2.00e+07    2.05e+07
   1144.25    2.02e+07    2.02e+07
   1144.75    2.04e+07    2.04e+07
   1145.25    2.06e+07    2.16e+07
   1145.75    2.08e+07    2.08e+07
   1146.25    3.08e+07    3.08e+07
   1146.75    2.12e+07    2.12e+07
   1147.25    2.14e+07    2.14e+07
   1147.75    2.16e+07    2.16e+07
   1148.25    2.18e+07    2.18e+07
   1148.75    2.21e+07    2.21e+07
   1149.25    2.23e+07    2.24e+07
   1149.75    2.25e+07    2.25e+07
   1150.25    2.27e+07    2.27e+07
   1150.75    2.30e+07    2.32e+07
   1151.25    2.32e+07    2.32e+07
   1151.75    2.34e+07    2.34e+07
   1152.25    2.37e+07    2.37e+07
   1152.75    2.39e+07    2.39e+07
   1153.25    2.42e+07    2.43e+07
   1153.75    2.44e+07    2.47e+07
   1154.25    2.46e+07    2.46e+07
   1154.75    2.49e+07    2.49e+07
   1155.25    2.51e+07    2.52e+07
   1155.75    2.54e+07    2.54e+07
   1156.25    2.57e+07    2.57e+07
   1156.75    2.59e+07    2.59e+07
   1157.25    2.62e+07    2.62e+07
   1157.75    2.64e+07    2.64e+07
   1158.25    2.67e+07    2.67e+07
   1158.75    2.70e+07    2.70e+07
   1159.25    2.73e+07    2.73e+07
   1159.75    2.75e+07    2.75e+07
   1160.25    2.78e+07    2.78e+07
   1160.75    2.81e+07    2.81e+07
   1161.25    2.84e+07    2.84e+07
   1161.75    2.87e+07    2.87e+07
   1162.25    2.89e+07    2.89e+07
   1162.75    2.92e+07    2.92e+07
   1163.25    2.95e+07    2.95e+07
   1163.75    2.98e+07    2.98e+07
   1164.25    3.01e+07    3.01e+07
   1164.75    3.04e+07    3.04e+07
   1165.25    3.07e+07    3.07e+07
   1165.75    3.11e+07    3.11e+07
   1166.25    3.14e+07    3.15e+07
   1166.75    3.17e+07    3.17e+07
   1167.25    3.20e+07    3.21e+07
   1167.75    3.23e+07    3.23e+07
   1168.25    3.27e+07    3.27e+07
   1168.75    3.30e+07    3.33e+07
   1169.25    3.33e+07    3.33e+07
   1169.75    3.37e+07    3.37e+07
   1170.25    3.40e+07    3.40e+07
   1170.75    3.43e+07    3.43e+07
   1171.25    3.47e+07    3.47e+07
   1171.75    3.50e+07    3.50e+07
   1172.25    3.54e+07    3.54e+07
   1172.75    3.57e+07    3.57e+07
   1173.25    3.61e+07    3.61e+07
   1173.75    3.65e+07    3.65e+07
   1174.25    3.68e+07    3.68e+07
   1174.75    4.35e+08    9.07e+08
   1175.25    3.55e+08    2.43e+09
   1175.75    1.77e+09    2.15e+09
   1176.25    4.33e+08    9.04e+08
   1176.75    3.87e+07    3.87e+07
   1177.25    3.91e+07    3.91e+07
   1177.75    3.95e+07    3.95e+07
   1178.25    3.99e+07    3.99e+07
   1178.75    4.03e+07    4.03e+07
   1179.25    4.07e+07    4.07e+07
   1179.75    4.11e+07    4.11e+07
   1180.25    4.16e+07    4.16e+07
   1180.75    4.20e+07    4.20e+07
   1181.25    4.24e+07    4.24e+07
   1181.75    4.28e+07    4.28e+07
   1182.25    4.33e+07    4.33e+07
   1182.75    4.37e+07    4.39e+07
   1183.25    4.41e+07    4.41e+07
   1183.75    4.46e+07    4.46e+07
   1184.25    4.50e+07    4.55e+07
   1184.75    4.55e+07    4.55e+07
   1185.25    4.59e+07    4.59e+07
   1185.75    4.64e+07    4.64e+07
   1186.25    4.69e+07    4.69e+07
   1186.75    4.73e+07    4.73e+07
   1187.25    4.78e+07    4.78e+07
   1187.75    4.83e+07    4.83e+07
   1188.25    4.88e+07    4.88e+07
   1188.75    4.93e+07    4.93e+07
   1189.25    4.98e+07    4.98e+07
   1189.75    5.84e+07    7.84e+07
   1190.25    3.03e+08    3.08e+08
   1190.75    5.13e+07    5.13e+07
   1191.25    5.18e+07    5.18e+07
   1191.75    5.72e+07    5.72e+07
   1192.25    5.29e+07    5.29e+07
   1192.75    5.34e+07    5.34e+07
   1193.25    5.39e+07    6.54e+07
   1193.75    5.45e+07    9.34e+07
   1194.25    4.83e+08    5.22e+08
   1194.75    5.56e+07    5.56e+07
   1195.25    5.62e+07    5.62e+07
   1195.75    5.67e+07    5.67e+07
   1196.25    5.73e+07    5.73e+07
   1196.75    5.79e+07    5.79e+07
   1197.25    1.60e+08    1.66e+08
   1197.75    5.90e+07    5.90e+07
   1198.25    5.96e+07    5.96e+07
   1198.75    6.02e+07    6.77e+07
   1199.25    6.70e+07    6.70e+07
   1199.75    6.15e+07    6.15e+07

