; #
; # NRLEUV Quiet Sun Irradiances from 50-1200 A
; # File generated: Thu Jun 24 12:29:02 2004   by  Harry Warren, NRL
; #
; # Wavelengths are in angstroms.
; # Irradiances are in photons/cm^2/sec.
; #
; # Wavelength bins are centered, i.e., 50.5 corresponds
; # to wavelengths greater or equal to 50 A and less
; # than 51 A.
; # 
; # WAVELENGTH IRRADIANCE
 1200 lines  :  NRLEUV Version 2 Quiet Sun irradiance
    2 columns :  wavelength (Angstroms), irradiance (photons/cm^2/sec)
       0.5   0.000e+00
       1.5   3.651e-14
       2.5   2.550e-15
       3.5   5.943e-07
       4.5   1.833e-06
       5.5   2.096e-01
       6.5   7.301e+00
       7.5   9.006e+00
       8.5   1.177e+01
       9.5   4.790e+02
      10.5   8.888e+01
      11.5   5.464e+02
      12.5   8.620e+01
      13.5   1.699e+04
      14.5   5.450e+02
      15.5   2.133e+03
      16.5   5.688e+03
      17.5   3.712e+04
      18.5   1.766e+05
      19.5   4.454e+04
      20.5   1.684e+04
      21.5   2.005e+06
      22.5   1.386e+06
      23.5   2.805e+04
      24.5   2.875e+05
      25.5   1.473e+05
      26.5   2.342e+05
      27.5   3.310e+03
      28.5   1.356e+06
      29.5   9.353e+05
      30.5   6.232e+05
      31.5   4.680e+04
      32.5   1.872e+05
      33.5   5.991e+06
      34.5   1.733e+06
      35.5   1.170e+06
      36.5   6.064e+04
      37.5   1.359e+04
      38.5   1.766e+04
      39.5   3.850e+05
      40.5   1.729e+07
      41.5   1.584e+07
      42.5   1.825e+05
      43.5   5.779e+05
      44.5   3.427e+06
      45.5   1.754e+05
      46.5   1.256e+06
      47.5   5.612e+06
      48.5   1.699e+06
      49.5   3.525e+06
      50.5   7.480e+06
      51.5   3.352e+05
      52.5   3.182e+06
      53.5   8.768e+05
      54.5   1.588e+06
      55.5   2.159e+07
      56.5   2.734e+06
      57.5   4.780e+06
      58.5   1.125e+05
      59.5   2.151e+05
      60.5   7.169e+06
      61.5   3.350e+07
      62.5   5.592e+06
      63.5   7.336e+06
      64.5   3.110e+06
      65.5   4.381e+06
      66.5   8.386e+05
      67.5   4.024e+06
      68.5   4.631e+06
      69.5   1.492e+07
      70.5   3.744e+06
      71.5   4.015e+06
      72.5   1.456e+07
      73.5   1.027e+06
      74.5   7.562e+06
      75.5   1.090e+07
      76.5   1.002e+07
      77.5   1.161e+07
      78.5   5.272e+06
      79.5   4.632e+06
      80.5   8.206e+06
      81.5   4.752e+06
      82.5   1.055e+07
      83.5   1.658e+07
      84.5   1.306e+07
      85.5   9.016e+06
      86.5   6.841e+06
      87.5   8.028e+06
      88.5   3.423e+06
      89.5   4.480e+06
      90.5   1.366e+07
      91.5   1.115e+07
      92.5   8.324e+06
      93.5   1.030e+07
      94.5   7.804e+06
      95.5   4.923e+06
      96.5   1.032e+07
      97.5   7.064e+06
      98.5   6.887e+06
      99.5   5.883e+06
     100.5   6.491e+06
     101.5   5.404e+06
     102.5   4.755e+06
     103.5   1.467e+07
     104.5   3.637e+06
     105.5   6.206e+06
     106.5   5.848e+06
     107.5   3.684e+06
     108.5   2.893e+06
     109.5   1.862e+06
     110.5   1.805e+05
     111.5   7.686e+06
     112.5   1.712e+06
     113.5   4.147e+06
     114.5   4.360e+06
     115.5   3.132e+06
     116.5   4.537e+06
     117.5   4.260e+06
     118.5   7.413e+05
     119.5   3.202e+05
     120.5   5.896e+05
     121.5   1.322e+06
     122.5   4.836e+06
     123.5   3.235e+06
     124.5   1.050e+05
     125.5   1.216e+05
     126.5   3.365e+05
     127.5   2.189e+06
     128.5   3.102e+05
     129.5   2.876e+06
     130.5   6.990e+06
     131.5   9.679e+06
     132.5   1.751e+06
     133.5   1.011e+06
     134.5   7.358e+05
     135.5   9.694e+05
     136.5   7.988e+05
     137.5   2.383e+06
     138.5   2.084e+06
     139.5   2.150e+06
     140.5   3.957e+06
     141.5   1.775e+06
     142.5   1.752e+06
     143.5   2.221e+06
     144.5   8.625e+05
     145.5   8.851e+05
     146.5   2.276e+04
     147.5   2.973e+06
     148.5   2.949e+07
     149.5   6.602e+04
     150.5   1.753e+07
     151.5   8.010e+05
     152.5   1.111e+07
     153.5   1.782e+06
     154.5   5.303e+06
     155.5   1.097e+05
     156.5   4.477e+06
     157.5   1.143e+07
     158.5   3.533e+05
     159.5   1.609e+06
     160.5   2.415e+06
     161.5   1.958e+05
     162.5   1.346e+07
     163.5   1.162e+06
     164.5   2.683e+06
     165.5   2.778e+06
     166.5   9.731e+05
     167.5   4.786e+07
     168.5   1.306e+08
     169.5   5.013e+05
     170.5   2.509e+06
     171.5   1.319e+09
     172.5   1.345e+07
     173.5   2.277e+07
     174.5   6.129e+08
     175.5   4.607e+07
     176.5   1.342e+06
     177.5   3.607e+08
     178.5   1.450e+07
     179.5   5.898e+06
     180.5   4.404e+08
     181.5   2.023e+07
     182.5   6.374e+07
     183.5   8.491e+06
     184.5   1.574e+08
     185.5   6.722e+07
     186.5   8.019e+07
     187.5   2.299e+06
     188.5   2.767e+08
     189.5   1.769e+07
     190.5   5.089e+07
     191.5   3.832e+06
     192.5   1.396e+08
     193.5   2.395e+08
     194.5   1.640e+07
     195.5   3.841e+08
     196.5   1.490e+07
     197.5   9.055e+06
     198.5   2.117e+07
     199.5   3.625e+05
     200.5   6.237e+06
     201.5   3.796e+07
     202.5   2.699e+08
     203.5   6.772e+07
     204.5   2.172e+07
     205.5   1.258e+07
     206.5   2.123e+07
     207.5   1.074e+07
     208.5   1.258e+07
     209.5   7.902e+07
     210.5   3.614e+06
     211.5   6.313e+07
     212.5   3.717e+06
     213.5   1.214e+07
     214.5   2.204e+07
     215.5   9.208e+06
     216.5   6.480e+07
     217.5   3.442e+07
     218.5   1.777e+07
     219.5   1.784e+07
     220.5   3.053e+07
     221.5   2.482e+07
     222.5   1.541e+07
     223.5   3.362e+07
     224.5   4.883e+07
     225.5   9.009e+07
     226.5   4.960e+07
     227.5   1.222e+08
     228.5   1.668e+07
     229.5   3.281e+06
     230.5   2.449e+07
     231.5   8.131e+06
     232.5   6.222e+06
     233.5   2.024e+07
     234.5   3.212e+07
     235.5   2.268e+07
     236.5   2.189e+06
     237.5   2.996e+07
     238.5   3.031e+07
     239.5   9.660e+06
     240.5   1.755e+07
     241.5   9.275e+07
     242.5   1.513e+07
     243.5   5.851e+07
     244.5   4.023e+07
     245.5   4.902e+06
     246.5   6.385e+07
     247.5   1.072e+07
     248.5   1.104e+07
     249.5   2.089e+07
     250.5   7.036e+06
     251.5   5.593e+07
     252.5   3.801e+06
     253.5   1.604e+07
     254.5   1.474e+06
     255.5   2.874e+06
     256.5   1.996e+08
     257.5   1.262e+08
     258.5   7.084e+07
     259.5   3.222e+07
     260.5   2.971e+06
     261.5   4.062e+07
     262.5   5.064e+05
     263.5   7.805e+04
     264.5   4.869e+07
     265.5   7.847e+05
     266.5   7.119e+06
     267.5   1.504e+06
     268.5   1.653e+07
     269.5   1.473e+06
     270.5   3.541e+07
     271.5   1.187e+06
     272.5   6.229e+07
     273.5   1.746e+06
     274.5   3.967e+07
     275.5   1.407e+08
     276.5   9.412e+07
     277.5   8.717e+07
     278.5   8.325e+07
     279.5   2.512e+06
     280.5   9.423e+06
     281.5   4.477e+06
     282.5   4.687e+06
     283.5   5.595e+06
     284.5   3.723e+07
     285.5   5.977e+06
     286.5   3.879e+06
     287.5   1.186e+06
     288.5   1.104e+07
     289.5   2.709e+06
     290.5   3.357e+07
     291.5   1.317e+07
     292.5   9.083e+07
     293.5   1.161e+07
     294.5   2.998e+06
     295.5   4.286e+06
     296.5   1.417e+08
     297.5   1.377e+06
     298.5   1.616e+05
     299.5   1.698e+06
     300.5   2.776e+06
     301.5   4.133e+05
     302.5   8.024e+05
     303.5   3.929e+09
     304.5   3.227e+06
     305.5   1.380e+07
     306.5   7.829e+06
     307.5   5.951e+06
     308.5   2.093e+07
     309.5   1.294e+07
     310.5   1.337e+06
     311.5   3.450e+07
     312.5   2.700e+07
     313.5   6.703e+07
     314.5   1.457e+08
     315.5   1.671e+08
     316.5   2.866e+08
     317.5   4.740e+07
     318.5   2.233e+06
     319.5   4.449e+08
     320.5   1.667e+07
     321.5   1.146e+07
     322.5   1.824e+06
     323.5   5.554e+06
     324.5   4.467e+06
     325.5   5.511e+06
     326.5   1.008e+06
     327.5   3.441e+05
     328.5   1.188e+07
     329.5   1.235e+05
     330.5   2.052e+05
     331.5   1.020e+05
     332.5   3.028e+07
     333.5   1.573e+06
     334.5   1.793e+07
     335.5   3.720e+07
     336.5   4.412e+04
     337.5   6.556e+04
     338.5   4.747e+07
     339.5   5.664e+04
     340.5   5.084e+04
     341.5   7.128e+07
     342.5   5.898e+05
     343.5   1.339e+06
     344.5   3.159e+07
     345.5   1.677e+08
     346.5   2.931e+07
     347.5   8.207e+07
     348.5   4.619e+07
     349.5   1.674e+08
     350.5   6.584e+05
     351.5   6.278e+06
     352.5   1.359e+08
     353.5   4.241e+07
     354.5   5.934e+06
     355.5   8.022e+06
     356.5   6.728e+07
     357.5   7.163e+06
     358.5   3.222e+07
     359.5   3.091e+07
     360.5   2.622e+06
     361.5   2.966e+06
     362.5   6.225e+05
     363.5   1.356e+07
     364.5   8.461e+07
     365.5   8.288e+07
     366.5   7.597e+05
     367.5   7.009e+07
     368.5   6.589e+08
     369.5   2.175e+07
     370.5   2.619e+05
     371.5   1.137e+06
     372.5   7.589e+05
     373.5   3.586e+06
     374.5   2.474e+07
     375.5   1.090e+05
     376.5   3.269e+05
     377.5   1.787e+05
     378.5   2.539e+06
     379.5   1.444e+07
     380.5   1.636e+06
     381.5   6.697e+06
     382.5   2.810e+06
     383.5   7.765e+06
     384.5   9.361e+06
     385.5   7.496e+06
     386.5   7.019e+06
     387.5   1.513e+07
     388.5   7.786e+06
     389.5   5.034e+05
     390.5   1.254e+06
     391.5   4.340e+05
     392.5   9.691e+06
     393.5   3.500e+05
     394.5   6.694e+05
     395.5   6.852e+06
     396.5   5.974e+05
     397.5   4.318e+05
     398.5   2.971e+05
     399.5   4.220e+07
     400.5   6.081e+07
     401.5   8.703e+07
     402.5   8.125e+05
     403.5   1.043e+08
     404.5   5.926e+05
     405.5   5.527e+05
     406.5   3.311e+06
     407.5   4.225e+05
     408.5   8.898e+05
     409.5   7.238e+05
     410.5   1.316e+06
     411.5   1.728e+07
     412.5   1.233e+06
     413.5   1.028e+06
     414.5   1.636e+06
     415.5   1.867e+06
     416.5   2.265e+07
     417.5   4.033e+06
     418.5   1.620e+06
     419.5   1.066e+07
     420.5   1.397e+06
     421.5   4.755e+06
     422.5   1.153e+06
     423.5   9.082e+05
     424.5   9.306e+05
     425.5   9.385e+05
     426.5   1.099e+06
     427.5   1.425e+06
     428.5   3.914e+06
     429.5   1.840e+07
     430.5   9.048e+07
     431.5   5.021e+07
     432.5   1.282e+06
     433.5   1.272e+07
     434.5   7.673e+07
     435.5   2.048e+07
     436.5   1.469e+08
     437.5   1.610e+06
     438.5   4.940e+06
     439.5   7.587e+06
     440.5   2.666e+06
     441.5   7.151e+06
     442.5   2.179e+06
     443.5   2.253e+07
     444.5   2.715e+06
     445.5   2.675e+06
     446.5   2.343e+06
     447.5   4.254e+06
     448.5   8.497e+06
     449.5   2.703e+06
     450.5   2.959e+06
     451.5   7.155e+06
     452.5   8.971e+06
     453.5   3.342e+06
     454.5   3.493e+06
     455.5   3.611e+06
     456.5   3.622e+06
     457.5   4.546e+06
     458.5   4.232e+06
     459.5   4.941e+07
     460.5   6.441e+06
     461.5   5.410e+06
     462.5   5.724e+06
     463.5   6.324e+06
     464.5   5.603e+06
     465.5   3.251e+08
     466.5   6.535e+07
     467.5   6.862e+06
     468.5   6.668e+06
     469.5   3.198e+07
     470.5   6.859e+06
     471.5   7.091e+06
     472.5   7.436e+06
     473.5   7.757e+06
     474.5   7.977e+06
     475.5   8.649e+06
     476.5   9.056e+06
     477.5   9.859e+06
     478.5   9.494e+06
     479.5   1.058e+07
     480.5   1.474e+07
     481.5   2.444e+07
     482.5   3.392e+07
     483.5   1.196e+07
     484.5   1.270e+07
     485.5   1.327e+07
     486.5   1.504e+07
     487.5   1.464e+07
     488.5   2.276e+07
     489.5   3.212e+07
     490.5   1.961e+07
     491.5   2.533e+07
     492.5   1.855e+07
     493.5   1.829e+07
     494.5   2.081e+07
     495.5   2.215e+07
     496.5   2.138e+07
     497.5   2.180e+07
     498.5   2.400e+07
     499.5   5.293e+07
     500.5   2.483e+07
     501.5   2.706e+07
     502.5   2.713e+07
     503.5   2.861e+07
     504.5   9.926e+04
     505.5   1.094e+05
     506.5   1.179e+06
     507.5   5.882e+07
     508.5   7.341e+07
     509.5   1.135e+05
     510.5   1.045e+06
     511.5   1.239e+05
     512.5   8.601e+06
     513.5   1.191e+05
     514.5   1.200e+05
     515.5   2.740e+07
     516.5   6.752e+05
     517.5   1.396e+05
     518.5   1.758e+06
     519.5   2.711e+06
     520.5   1.492e+07
     521.5   3.511e+06
     522.5   4.951e+07
     523.5   1.709e+05
     524.5   1.523e+05
     525.5   6.186e+07
     526.5   1.276e+06
     527.5   3.327e+05
     528.5   1.873e+05
     529.5   3.042e+05
     530.5   6.133e+05
     531.5   2.790e+05
     532.5   1.223e+06
     533.5   6.288e+05
     534.5   1.784e+05
     535.5   4.861e+05
     536.5   2.112e+06
     537.5   1.372e+08
     538.5   7.566e+07
     539.5   3.663e+05
     540.5   2.041e+05
     541.5   8.334e+06
     542.5   1.647e+07
     543.5   2.452e+07
     544.5   3.266e+05
     545.5   1.875e+06
     546.5   2.272e+05
     547.5   2.528e+05
     548.5   2.462e+05
     549.5   2.369e+05
     550.5   1.023e+07
     551.5   1.765e+06
     552.5   3.404e+05
     553.5   8.423e+07
     554.5   5.793e+08
     555.5   8.555e+07
     556.5   2.712e+05
     557.5   4.416e+07
     558.5   3.716e+07
     559.5   4.389e+06
     560.5   1.115e+06
     561.5   1.659e+07
     562.5   6.320e+07
     563.5   1.048e+06
     564.5   5.079e+06
     565.5   6.155e+05
     566.5   3.898e+06
     567.5   3.351e+05
     568.5   1.194e+07
     569.5   2.000e+07
     570.5   5.255e+05
     571.5   3.619e+05
     572.5   3.201e+07
     573.5   3.835e+05
     574.5   3.461e+07
     575.5   8.867e+05
     576.5   2.820e+06
     577.5   4.064e+05
     578.5   4.202e+05
     579.5   6.475e+05
     580.5   1.633e+07
     581.5   4.650e+05
     582.5   4.477e+05
     583.5   4.564e+05
     584.5   1.090e+09
     585.5   2.486e+07
     586.5   4.843e+05
     587.5   4.944e+05
     588.5   5.137e+05
     589.5   5.304e+05
     590.5   5.535e+05
     591.5   5.381e+05
     592.5   5.518e+05
     593.5   4.340e+06
     594.5   5.646e+05
     595.5   5.795e+05
     596.5   2.034e+06
     597.5   9.940e+06
     598.5   6.104e+05
     599.5   1.626e+08
     600.5   7.292e+05
     601.5   1.120e+06
     602.5   9.413e+05
     603.5   6.847e+05
     604.5   1.934e+06
     605.5   7.112e+05
     606.5   7.445e+05
     607.5   7.507e+05
     608.5   7.010e+07
     609.5   4.557e+08
     610.5   2.898e+06
     611.5   3.431e+06
     612.5   8.392e+05
     613.5   8.388e+05
     614.5   8.487e+05
     615.5   9.156e+05
     616.5   3.356e+06
     617.5   2.544e+06
     618.5   9.352e+05
     619.5   9.817e+05
     620.5   1.035e+06
     621.5   3.089e+06
     622.5   9.684e+05
     623.5   2.409e+06
     624.5   1.724e+08
     625.5   3.953e+06
     626.5   1.477e+06
     627.5   1.086e+06
     628.5   2.910e+06
     629.5   1.414e+09
     630.5   1.498e+06
     631.5   1.257e+06
     632.5   1.188e+06
     633.5   1.254e+06
     634.5   1.355e+06
     635.5   1.244e+06
     636.5   1.273e+06
     637.5   7.144e+06
     638.5   1.431e+06
     639.5   6.851e+06
     640.5   1.368e+06
     641.5   1.738e+06
     642.5   1.475e+06
     643.5   1.450e+06
     644.5   2.291e+07
     645.5   8.620e+06
     646.5   1.976e+06
     647.5   1.568e+06
     648.5   1.716e+06
     649.5   3.408e+06
     650.5   1.740e+06
     651.5   1.697e+06
     652.5   1.894e+06
     653.5   2.089e+06
     654.5   2.269e+06
     655.5   2.834e+06
     656.5   1.908e+06
     657.5   2.836e+07
     658.5   4.592e+06
     659.5   5.409e+06
     660.5   8.541e+06
     661.5   4.653e+07
     662.5   2.120e+06
     663.5   7.121e+06
     664.5   2.255e+06
     665.5   3.332e+06
     666.5   2.547e+06
     667.5   2.298e+06
     668.5   2.342e+06
     669.5   2.411e+06
     670.5   4.015e+06
     671.5   1.542e+07
     672.5   4.531e+06
     673.5   2.748e+06
     674.5   4.043e+06
     675.5   2.845e+06
     676.5   6.257e+06
     677.5   7.827e+06
     678.5   8.801e+06
     679.5   7.186e+06
     680.5   3.922e+07
     681.5   1.938e+07
     682.5   3.064e+06
     683.5   1.954e+07
     684.5   2.241e+07
     685.5   1.371e+08
     686.5   2.237e+07
     687.5   3.396e+06
     688.5   3.742e+06
     689.5   5.454e+06
     690.5   2.307e+07
     691.5   1.012e+07
     692.5   3.832e+06
     693.5   3.782e+06
     694.5   2.072e+07
     695.5   4.034e+06
     696.5   8.551e+06
     697.5   4.070e+06
     698.5   6.665e+06
     699.5   4.491e+06
     700.5   3.082e+07
     701.5   4.394e+06
     702.5   1.999e+08
     703.5   2.396e+08
     704.5   8.213e+06
     705.5   4.798e+06
     706.5   4.270e+07
     707.5   5.509e+06
     708.5   5.078e+06
     709.5   5.115e+06
     710.5   2.027e+07
     711.5   5.382e+06
     712.5   1.044e+07
     713.5   1.499e+07
     714.5   5.772e+06
     715.5   5.831e+06
     716.5   6.191e+06
     717.5   7.057e+06
     718.5   1.740e+08
     719.5   6.251e+06
     720.5   6.310e+06
     721.5   6.431e+06
     722.5   6.555e+06
     723.5   6.705e+06
     724.5   9.043e+06
     725.5   1.314e+07
     726.5   7.111e+06
     727.5   7.276e+06
     728.5   1.656e+07
     729.5   1.253e+07
     730.5   1.229e+07
     731.5   7.778e+06
     732.5   8.234e+06
     733.5   8.076e+06
     734.5   8.241e+06
     735.5   9.200e+06
     736.5   8.574e+06
     737.5   8.719e+06
     738.5   9.364e+06
     739.5   9.057e+06
     740.5   9.287e+06
     741.5   9.397e+06
     742.5   9.605e+06
     743.5   9.769e+06
     744.5   1.912e+07
     745.5   1.200e+07
     746.5   2.055e+07
     747.5   1.062e+07
     748.5   2.861e+07
     749.5   1.772e+07
     750.5   5.471e+07
     751.5   1.136e+07
     752.5   1.176e+07
     753.5   2.149e+07
     754.5   1.206e+07
     755.5   1.228e+07
     756.5   1.315e+07
     757.5   1.273e+07
     758.5   4.126e+07
     759.5   3.437e+07
     760.5   1.112e+08
     761.5   1.542e+07
     762.5   4.100e+07
     763.5   3.474e+07
     764.5   5.422e+07
     765.5   3.935e+08
     766.5   1.509e+07
     767.5   1.538e+07
     768.5   1.569e+07
     769.5   1.859e+07
     770.5   3.834e+08
     771.5   1.973e+07
     772.5   3.510e+07
     773.5   1.723e+07
     774.5   2.152e+07
     775.5   4.700e+07
     776.5   2.163e+07
     777.5   1.859e+07
     778.5   1.896e+07
     779.5   3.173e+07
     780.5   2.066e+08
     781.5   2.005e+07
     782.5   2.903e+07
     783.5   2.082e+07
     784.5   2.134e+07
     785.5   2.170e+07
     786.5   1.615e+08
     787.5   3.288e+08
     788.5   2.288e+07
     789.5   2.665e+07
     790.5   6.374e+08
     791.5   2.422e+07
     792.5   2.468e+07
     793.5   2.515e+07
     794.5   2.573e+07
     795.5   2.612e+07
     796.5   6.193e+07
     797.5   2.712e+07
     798.5   2.767e+07
     799.5   2.819e+07
     800.5   2.904e+07
     801.5   3.812e+07
     802.5   3.044e+07
     803.5   3.047e+07
     804.5   3.109e+07
     805.5   3.154e+07
     806.5   3.215e+07
     807.5   3.276e+07
     808.5   3.338e+07
     809.5   4.117e+07
     810.5   3.466e+07
     811.5   3.619e+07
     812.5   3.600e+07
     813.5   3.673e+07
     814.5   3.738e+07
     815.5   5.328e+07
     816.5   3.887e+07
     817.5   3.989e+07
     818.5   5.027e+07
     819.5   4.110e+07
     820.5   4.656e+07
     821.5   4.393e+07
     822.5   5.461e+07
     823.5   4.430e+07
     824.5   4.697e+07
     825.5   4.599e+07
     826.5   4.870e+07
     827.5   4.777e+07
     828.5   4.875e+07
     829.5   4.959e+07
     830.5   5.053e+07
     831.5   5.149e+07
     832.5   3.076e+08
     833.5   6.671e+08
     834.5   5.540e+08
     835.5   5.359e+08
     836.5   6.354e+07
     837.5   6.207e+07
     838.5   5.891e+07
     839.5   5.986e+07
     840.5   6.245e+07
     841.5   6.217e+07
     842.5   6.341e+07
     843.5   6.668e+07
     844.5   6.580e+07
     845.5   6.712e+07
     846.5   6.829e+07
     847.5   6.977e+07
     848.5   7.091e+07
     849.5   7.607e+07
     850.5   7.815e+07
     851.5   7.513e+07
     852.5   7.952e+07
     853.5   7.873e+07
     854.5   8.460e+07
     855.5   8.092e+07
     856.5   8.248e+07
     857.5   8.402e+07
     858.5   3.310e+08
     859.5   8.724e+07
     860.5   9.036e+07
     861.5   9.060e+07
     862.5   9.225e+07
     863.5   9.400e+07
     864.5   9.580e+07
     865.5   9.760e+07
     866.5   9.945e+07
     867.5   1.014e+08
     868.5   1.082e+08
     869.5   1.052e+08
     870.5   1.072e+08
     871.5   1.108e+08
     872.5   1.118e+08
     873.5   1.139e+08
     874.5   1.156e+08
     875.5   1.232e+08
     876.5   1.204e+08
     877.5   1.223e+08
     878.5   1.250e+08
     879.5   1.269e+08
     880.5   1.294e+08
     881.5   1.318e+08
     882.5   1.347e+08
     883.5   1.368e+08
     884.5   1.416e+08
     885.5   1.431e+08
     886.5   1.448e+08
     887.5   1.480e+08
     888.5   1.503e+08
     889.5   1.531e+08
     890.5   1.618e+08
     891.5   1.590e+08
     892.5   1.622e+08
     893.5   1.653e+08
     894.5   1.683e+08
     895.5   2.007e+08
     896.5   1.746e+08
     897.5   1.783e+08
     898.5   1.829e+08
     899.5   1.847e+08
     900.5   1.947e+08
     901.5   1.924e+08
     902.5   2.015e+08
     903.5   9.131e+08
     904.5   1.638e+09
     905.5   2.067e+08
     906.5   2.337e+08
     907.5   2.146e+08
     908.5   2.188e+08
     909.5   2.228e+08
     910.5   2.384e+08
     911.5   2.319e+08
     912.5   2.132e+08
     913.5   2.056e+08
     914.5   7.617e+07
     915.5   1.132e+08
     916.5   2.064e+08
     917.5   5.391e+07
     918.5   5.584e+07
     919.5   6.029e+07
     920.5   6.194e+07
     921.5   1.116e+07
     922.5   8.871e+06
     923.5   1.067e+08
     924.5   1.064e+07
     925.5   2.563e+06
     926.5   7.941e+07
     927.5   2.660e+06
     928.5   2.792e+06
     929.5   2.803e+06
     930.5   1.002e+08
     931.5   2.868e+06
     932.5   3.130e+06
     933.5   1.096e+08
     934.5   3.116e+06
     935.5   3.085e+06
     936.5   3.146e+06
     937.5   1.706e+08
     938.5   3.265e+06
     939.5   3.486e+06
     940.5   3.386e+06
     941.5   3.484e+06
     942.5   3.513e+06
     943.5   3.579e+06
     944.5   1.273e+08
     945.5   3.713e+06
     946.5   3.785e+06
     947.5   3.870e+06
     948.5   3.934e+06
     949.5   3.019e+08
     950.5   1.212e+07
     951.5   4.208e+06
     952.5   4.228e+06
     953.5   4.328e+06
     954.5   4.387e+06
     955.5   5.842e+06
     956.5   4.552e+06
     957.5   5.349e+06
     958.5   4.805e+06
     959.5   4.877e+06
     960.5   4.926e+06
     961.5   5.014e+06
     962.5   6.177e+06
     963.5   5.181e+06
     964.5   5.278e+06
     965.5   5.425e+06
     966.5   5.510e+06
     967.5   6.397e+06
     968.5   5.819e+06
     969.5   5.939e+06
     970.5   5.902e+06
     971.5   6.200e+06
     972.5   5.671e+08
     973.5   1.219e+07
     974.5   6.352e+06
     975.5   6.469e+06
     976.5   6.606e+06
     977.5   7.219e+09
     978.5   7.328e+06
     979.5   1.170e+07
     980.5   7.314e+06
     981.5   7.230e+06
     982.5   7.550e+06
     983.5   7.759e+06
     984.5   7.650e+06
     985.5   7.783e+06
     986.5   7.986e+06
     987.5   8.078e+06
     988.5   8.942e+06
     989.5   1.226e+08
     990.5   8.538e+06
     991.5   2.405e+08
     992.5   9.554e+06
     993.5   1.407e+07
     994.5   2.555e+07
     995.5   9.362e+06
     996.5   2.946e+07
     997.5   3.696e+07
     998.5   9.896e+06
     999.5   2.091e+07
    1000.5   2.466e+07
    1001.5   1.051e+07
    1002.5   1.074e+07
    1003.5   1.086e+07
    1004.5   1.106e+07
    1005.5   1.788e+07
    1006.5   4.589e+07
    1007.5   1.168e+07
    1008.5   1.190e+07
    1009.5   4.275e+07
    1010.5   1.672e+08
    1011.5   1.258e+07
    1012.5   1.991e+07
    1013.5   1.305e+07
    1014.5   2.118e+07
    1015.5   3.449e+07
    1016.5   1.384e+07
    1017.5   1.408e+07
    1018.5   1.435e+07
    1019.5   1.871e+07
    1020.5   1.485e+07
    1021.5   4.944e+07
    1022.5   1.541e+07
    1023.5   1.579e+07
    1024.5   1.600e+07
    1025.5   2.640e+09
    1026.5   1.870e+07
    1027.5   1.774e+07
    1028.5   2.031e+07
    1029.5   1.753e+07
    1030.5   1.833e+07
    1031.5   2.570e+09
    1032.5   1.853e+07
    1033.5   1.889e+07
    1034.5   1.923e+07
    1035.5   1.960e+07
    1036.5   4.914e+08
    1037.5   2.236e+09
    1038.5   2.070e+07
    1039.5   2.123e+07
    1040.5   2.313e+07
    1041.5   2.188e+07
    1042.5   2.229e+07
    1043.5   2.798e+07
    1044.5   2.312e+07
    1045.5   4.684e+07
    1046.5   2.399e+07
    1047.5   3.602e+07
    1048.5   2.490e+07
    1049.5   4.300e+07
    1050.5   2.915e+07
    1051.5   2.650e+07
    1052.5   2.680e+07
    1053.5   3.040e+07
    1054.5   2.784e+07
    1055.5   2.832e+07
    1056.5   3.022e+07
    1057.5   2.981e+07
    1058.5   2.992e+07
    1059.5   3.050e+07
    1060.5   3.105e+07
    1061.5   3.162e+07
    1062.5   6.790e+07
    1063.5   3.352e+07
    1064.5   3.341e+07
    1065.5   5.484e+07
    1066.5   4.663e+07
    1067.5   3.531e+07
    1068.5   3.597e+07
    1069.5   3.663e+07
    1070.5   3.734e+07
    1071.5   3.801e+07
    1072.5   9.431e+07
    1073.5   4.502e+07
    1074.5   4.016e+07
    1075.5   4.091e+07
    1076.5   4.168e+07
    1077.5   7.931e+07
    1078.5   4.323e+07
    1079.5   4.403e+07
    1080.5   4.489e+07
    1081.5   4.569e+07
    1082.5   4.653e+07
    1083.5   1.179e+08
    1084.5   2.594e+08
    1085.5   3.995e+08
    1086.5   5.012e+07
    1087.5   5.102e+07
    1088.5   5.196e+07
    1089.5   5.295e+07
    1090.5   5.391e+07
    1091.5   5.493e+07
    1092.5   5.592e+07
    1093.5   5.696e+07
    1094.5   5.803e+07
    1095.5   5.912e+07
    1096.5   7.345e+07
    1097.5   6.133e+07
    1098.5   6.481e+07
    1099.5   6.495e+07
    1100.5   6.498e+07
    1101.5   1.202e+07
    1102.5   3.806e+07
    1103.5   1.194e+07
    1104.5   1.224e+07
    1105.5   1.252e+07
    1106.5   1.282e+07
    1107.5   1.313e+07
    1108.5   5.992e+07
    1109.5   1.306e+08
    1110.5   1.405e+07
    1111.5   1.450e+07
    1112.5   1.472e+07
    1113.5   3.202e+08
    1114.5   1.542e+07
    1115.5   1.633e+07
    1116.5   1.621e+07
    1117.5   1.672e+07
    1118.5   1.697e+07
    1119.5   1.731e+07
    1120.5   1.773e+07
    1121.5   1.825e+07
    1122.5   4.183e+07
    1123.5   1.904e+07
    1124.5   2.233e+07
    1125.5   1.991e+07
    1126.5   2.067e+07
    1127.5   2.084e+07
    1128.5   6.583e+07
    1129.5   2.183e+07
    1130.5   2.248e+07
    1131.5   2.403e+07
    1132.5   2.340e+07
    1133.5   2.396e+07
    1134.5   2.451e+07
    1135.5   2.509e+07
    1136.5   2.774e+07
    1137.5   2.629e+07
    1138.5   2.708e+07
    1139.5   2.752e+07
    1140.5   2.817e+07
    1141.5   2.883e+07
    1142.5   2.951e+07
    1143.5   3.064e+07
    1144.5   3.091e+07
    1145.5   3.748e+07
    1146.5   3.293e+07
    1147.5   3.315e+07
    1148.5   3.391e+07
    1149.5   3.472e+07
    1150.5   3.559e+07
    1151.5   3.637e+07
    1152.5   3.722e+07
    1153.5   3.820e+07
    1154.5   3.897e+07
    1155.5   3.993e+07
    1156.5   4.085e+07
    1157.5   4.178e+07
    1158.5   4.275e+07
    1159.5   4.377e+07
    1160.5   4.478e+07
    1161.5   4.582e+07
    1162.5   4.692e+07
    1163.5   4.800e+07
    1164.5   4.912e+07
    1165.5   5.028e+07
    1166.5   5.572e+07
    1167.5   5.443e+07
    1168.5   5.489e+07
    1169.5   5.553e+07
    1170.5   5.644e+07
    1171.5   5.802e+07
    1172.5   5.943e+07
    1173.5   6.050e+07
    1174.5   4.775e+08
    1175.5   2.175e+09
    1176.5   4.764e+08
    1177.5   6.636e+07
    1178.5   6.792e+07
    1179.5   6.959e+07
    1180.5   7.114e+07
    1181.5   7.280e+07
    1182.5   7.497e+07
    1183.5   7.734e+07
    1184.5   7.857e+07
    1185.5   8.049e+07
    1186.5   8.181e+07
    1187.5   8.364e+07
    1188.5   8.562e+07
    1189.5   9.431e+07
    1190.5   3.078e+08
    1191.5   9.979e+07
    1192.5   9.396e+07
    1193.5   4.761e+08
    1194.5   1.027e+09
    1195.5   1.007e+08
    1196.5   1.063e+08
    1197.5   2.939e+08
    1198.5   1.080e+08
    1199.5   1.218e+08
