; Solar UV Spectra for Solar Cycle 22 Conditions
;  
; Spectra are based on UARS SOLSTICE measurements from 119 to 420 nm
; and a 1994 rocket measurement and AE-E relative variability from 0 to 119 nm
;  
; You can read this data file using the IDL procedure called  read_dat.pro
;  
; Column 1:  wavelength in nm
; Column 2:  solar minimum irradiance in units of photons/sec/cm^2
; Column 3:  27-day variability for 1992/032 (max/min)
; Column 4:  11-year variability for solar cycle 22 (max/min)
;  
; REFERENCE:
; Tom Woods and Gary Rottman, Solar ultraviolet variability over time periods
; of aeronomic interest, in Comparative Aeronomy in the Solar System, edited
; by M. Mendillo, A. Nagy, and J. Hunter Waite, Jr., Geophys. Monograph Series,
; Wash. DC, pp. 221-234, 2002.
;  
; Revised 10/25/01 to include YOHKOH SXT and GOES XRS values below 3 nm
;
; Revised 10/04/02 to include TIMED/NRLEUV results below 30 nm and 
;		   to extend UARS data from 200 nm up to 420 nm
;
; Revised 5/3/04   to update irradiance for 9-14 nm based on Mewe model
;			increased by factor of 2 at 9.5 nm to 30 at 13.5 nm
;
; Revised 12/9/04  to update irradiance for 3-27 nm based on HEUVAC model
;
FORMAT = (F8.1,E12.4,2F10.5)
 420 lines : Reference Spectra 0-420 nm, Tom Woods, LASP/CU, 9/20/02
 4 columns : Wavelength_nm  Irradiance_ph/s/cm^2   27-Day_Ratio  SC_Ratio
     0.5  2.2700E+04  30.00000 100.00000
     1.5  8.7654E+06   6.00000  20.00000
     2.5  3.4612E+06   3.00000  10.00000
     3.5  1.0500E+07   1.66100   4.69800
     4.5  6.1800E+07   1.56300   3.28900
     5.5  1.6530E+08   1.42200   2.26200
     6.5  2.0850E+08   1.43700   2.36800
     7.5  2.2560E+08   1.37400   2.10900
     8.5  3.1260E+08   1.40900   2.11800
     9.5  2.8320E+08   1.50000   2.50000
    10.5  1.4400E+08   1.50000   2.50000
    11.5  5.1300E+07   1.50000   2.50000
    12.5  4.2600E+07   1.50000   2.50000
    13.5  2.5800E+07   1.50000   2.50000
    14.5  1.8540E+08   1.39700   2.05000
    15.5  1.6340E+08   1.54400   2.98000
    16.5  2.3080E+08   1.27500   1.72300
    17.5  1.5644E+09   1.36300   1.85700
    18.5  1.5748E+09   1.48500   2.45100
    19.5  1.2038E+09   1.56600   3.11200
    20.5  5.8380E+08   1.61200   3.77200
    21.5  5.3160E+08   1.64900   4.27800
    22.5  5.3560E+08   1.46500   2.45600
    23.5  4.1300E+08   1.41700   2.25800
    24.5  1.0624E+09   1.47600   2.49300
    25.5  1.2326E+09   1.51000   2.70800
    26.5  2.0400E+08   1.64000   4.10500
    27.5  5.4969E+08   1.56800   3.26900
    28.5  3.4070E+08   1.72000   6.20600
    29.5  3.7505E+08   1.48900   2.46500
    30.5  7.4680E+09   1.24100   1.57100
    31.5  1.1080E+09   1.48000   2.40600
    32.5  6.2950E+08   1.74400   7.28300
    33.5  6.4160E+08   1.74300   7.23100
    34.5  7.0600E+08   1.48100   2.41300
    35.5  5.6230E+08   1.53000   2.77100
    36.5  7.8030E+08   1.53200   2.78600
    37.5  2.4060E+08   1.10000   1.17100
    38.5  1.0590E+08   1.10000   1.17100
    39.5  9.5490E+07   1.17000   1.42900
    40.5  1.6420E+08   1.17000   1.42900
    41.5  1.0080E+08   1.72700   6.50200
    42.5  9.4570E+07   1.10000   1.17100
    43.5  1.8540E+08   1.29700   1.60000
    44.5  9.0570E+07   1.10000   1.17100
    45.5  8.3740E+07   1.22100   1.63900
    46.5  2.9610E+08   1.33100   1.74800
    47.5  1.2550E+08   1.22100   1.63900
    48.5  2.1740E+08   1.21100   1.59400
    49.5  4.2460E+08   1.59100   3.65400
    50.5  3.4070E+08   1.19000   1.50700
    51.5  1.1520E+08   1.20900   1.58500
    52.5  1.2370E+08   1.55700   3.19100
    53.5  1.5540E+08   1.20900   1.58500
    54.5  1.1160E+08   1.15500   1.38100
    55.5  5.0060E+08   1.16600   1.41700
    56.5  1.4860E+08   1.19300   1.51800
    57.5  1.4320E+08   1.22100   1.63900
    58.5  8.0030E+08   1.23700   1.71500
    59.5  1.9330E+08   1.16400   1.41000
    60.5  5.4250E+08   1.49300   2.49400
    61.5  2.5310E+08   1.15600   1.38200
    62.5  1.0570E+09   1.20600   1.50600
    63.5  2.5690E+08   1.22100   1.63900
    64.5  6.6570E+07   1.15600   1.38200
    65.5  4.9060E+07   1.20700   1.57500
    66.5  4.8050E+07   1.15600   1.38200
    67.5  4.8710E+07   1.17300   1.44100
    68.5  1.6740E+08   1.20400   1.48300
    69.5  1.1950E+08   1.24800   1.60700
    70.5  3.4740E+08   1.15900   1.39400
    71.5  1.4940E+08   1.18000   1.46700
    72.5  1.0280E+08   1.23800   1.72200
    73.5  1.3580E+08   1.23800   1.72200
    74.5  1.6960E+08   1.23800   1.72200
    75.5  2.7710E+08   1.20800   1.58200
    76.5  7.3260E+08   1.18900   1.50100
    77.5  5.4310E+08   1.40200   2.09700
    78.5  9.1960E+08   1.24800   1.61500
    79.5  4.6050E+08   1.18400   1.48300
    80.5  4.3720E+08   1.23800   1.72200
    81.5  5.0290E+08   1.23800   1.72200
    82.5  7.5210E+08   1.23800   1.72200
    83.5  1.4120E+09   1.19000   1.50600
    84.5  9.5660E+08   1.23800   1.72200
    85.5  1.0780E+09   1.23800   1.72200
    86.5  1.1560E+09   1.23800   1.72200
    87.5  1.3920E+09   1.23800   1.72200
    88.5  1.6090E+09   1.23800   1.72200
    89.5  1.9790E+09   1.23800   1.72200
    90.5  2.3710E+09   1.23600   1.70700
    91.5  1.8560E+09   1.22900   1.67500
    92.5  6.6200E+08   1.23500   1.70400
    93.5  5.9840E+08   1.22400   1.65100
    94.5  4.2870E+08   1.22700   1.66500
    95.5  2.7430E+08   1.17300   1.44100
    96.5  2.8820E+08   1.17300   1.44100
    97.5  5.0050E+09   1.19900   1.54100
    98.5  5.9580E+08   1.17600   1.45300
    99.5  9.2840E+08   1.17600   1.45400
   100.5  3.8200E+08   1.17300   1.44100
   101.5  4.4590E+08   1.17300   1.44100
   102.5  3.6970E+09   1.23700   1.71300
   103.5  3.8820E+09   1.23300   1.69400
   104.5  6.3350E+08   1.17300   1.44100
   105.5  5.4150E+08   1.17300   1.44100
   106.5  5.2200E+08   1.17100   1.43300
   107.5  5.6020E+08   1.16900   1.42900
   108.5  9.4380E+08   1.17300   1.44100
   109.5  6.4070E+08   1.17300   1.44100
   110.5  6.8970E+08   1.17300   1.44100
   111.5  7.1770E+08   1.10000   1.17100
   112.5  6.8630E+08   1.18800   1.49600
   113.5  6.2140E+08   1.10000   1.17100
   114.5  4.2430E+08   1.10000   1.17100
   115.5  7.0340E+08   1.10000   1.17100
   116.5  8.0170E+08   1.10000   1.17100
   117.5  2.9710E+09   1.19200   1.51300
   118.5  9.1820E+08   1.10000   1.17100
   119.5  2.8071E+09   1.14632   1.38126
   120.5  7.5098E+09   1.24832   1.72607
   121.5  3.7878E+11   1.19832   1.62221
   122.5  3.1539E+09   1.14120   1.33160
   123.5  2.2208E+09   1.22592   1.36838
   124.5  1.7017E+09   1.18335   1.36999
   125.5  1.6568E+09   1.13765   1.32609
   126.5  2.2849E+09   1.18168   1.50793
   127.5  1.3204E+09   1.15569   1.29534
   128.5  1.1045E+09   1.14671   1.26306
   129.5  1.2417E+09   1.18873   1.38672
   130.5  1.0390E+10   1.14307   1.29742
   131.5  1.7814E+09   1.09495   1.20323
   132.5  1.3404E+09   1.13480   1.25914
   133.5  1.1224E+10   1.21262   1.59047
   134.5  1.2081E+09   1.10509   1.26806
   135.5  2.8044E+09   1.10661   1.24545
   136.5  1.8111E+09   1.11467   1.27392
   137.5  1.9615E+09   1.10766   1.25018
   138.5  1.9821E+09   1.09252   1.22204
   139.5  4.9894E+09   1.21015   1.60873
   140.5  4.4585E+09   1.16060   1.44128
   141.5  2.9025E+09   1.08976   1.22454
   142.5  3.1933E+09   1.08820   1.20024
   143.5  3.7330E+09   1.09759   1.20905
   144.5  3.6645E+09   1.09485   1.20517
   145.5  3.9840E+09   1.09406   1.19608
   146.5  4.9856E+09   1.10022   1.19636
   147.5  6.3491E+09   1.07599   1.15587
   148.5  6.5038E+09   1.08434   1.16003
   149.5  5.9024E+09   1.08216   1.16062
   150.5  6.6455E+09   1.07497   1.15337
   151.5  7.2318E+09   1.07532   1.15316
   152.5  8.9736E+09   1.09579   1.19989
   153.5  1.0121E+10   1.09865   1.18147
   154.5  1.7200E+10   1.14884   1.29982
   155.5  1.4786E+10   1.11634   1.22427
   156.5  1.5472E+10   1.07400   1.15228
   157.5  1.4082E+10   1.05995   1.15051
   158.5  1.3677E+10   1.05893   1.14336
   159.5  1.3880E+10   1.05567   1.12398
   160.5  1.5587E+10   1.06022   1.13975
   161.5  1.8448E+10   1.04830   1.13244
   162.5  2.1288E+10   1.05551   1.13529
   163.5  2.3291E+10   1.05504   1.15356
   164.5  2.5913E+10   1.09739   1.16754
   165.5  4.1666E+10   1.08192   1.11750
   166.5  2.9893E+10   1.03683   1.07216
   167.5  3.4693E+10   1.06685   1.12035
   168.5  3.9932E+10   1.03963   1.06119
   169.5  5.2455E+10   1.04299   1.06832
   170.5  6.0604E+10   1.04183   1.08250
   171.5  6.0356E+10   1.04763   1.11041
   172.5  6.6106E+10   1.04208   1.09210
   173.5  6.7349E+10   1.04169   1.07320
   174.5  8.3398E+10   1.04188   1.06799
   175.5  1.0324E+11   1.04317   1.07003
   176.5  1.1285E+11   1.03891   1.06249
   177.5  1.3634E+11   1.04299   1.07150
   178.5  1.5285E+11   1.04140   1.07177
   179.5  1.4989E+11   1.04305   1.07789
   180.5  1.7829E+11   1.05878   1.10039
   181.5  2.1241E+11   1.07034   1.13451
   182.5  2.0420E+11   1.04189   1.08036
   183.5  2.1900E+11   1.04224   1.08484
   184.5  1.8859E+11   1.03267   1.08215
   185.5  2.1707E+11   1.03522   1.07953
   186.5  2.4943E+11   1.03778   1.08420
   187.5  2.9148E+11   1.03439   1.07980
   188.5  3.1077E+11   1.03782   1.07782
   189.5  3.5084E+11   1.03499   1.08509
   190.5  3.6790E+11   1.03493   1.06911
   191.5  4.0549E+11   1.03387   1.07329
   192.5  4.3553E+11   1.03370   1.07543
   193.5  3.3288E+11   1.02885   1.06689
   194.5  5.5743E+11   1.03511   1.07307
   195.5  5.4610E+11   1.03375   1.07397
   196.5  6.2232E+11   1.03506   1.07022
   197.5  6.3438E+11   1.03285   1.06974
   198.5  6.4495E+11   1.03077   1.06316
   199.5  7.0448E+11   1.03087   1.06163
   200.5  7.7715E+11   1.03149   1.06065
   201.5  8.6914E+11   1.03350   1.06028
   202.5  8.6871E+11   1.03223   1.05744
   203.5  1.0049E+12   1.03158   1.05907
   204.5  1.1180E+12   1.03339   1.06162
   205.5  1.1624E+12   1.03171   1.06354
   206.5  1.1985E+12   1.03140   1.06442
   207.5  1.4013E+12   1.03361   1.06977
   208.5  1.5981E+12   1.02827   1.05598
   209.5  2.3283E+12   1.01862   1.03833
   210.5  3.1248E+12   1.01563   1.04558
   211.5  3.8467E+12   1.01586   1.03802
   212.5  3.5196E+12   1.01293   1.03295
   213.5  3.3577E+12   1.01338   1.04197
   214.5  4.7523E+12   1.01323   1.03867
   215.5  3.8865E+12   1.01135   1.04472
   216.5  3.6712E+12   1.01347   1.04047
   217.5  3.6321E+12   1.01623   1.04656
   218.5  5.2984E+12   1.01221   1.04070
   219.5  5.4724E+12   1.01673   1.04364
   220.5  5.6618E+12   1.01195   1.03551
   221.5  3.9329E+12   1.01325   1.04240
   222.5  5.7993E+12   1.01305   1.03280
   223.5  7.6788E+12   1.01137   1.02863
   224.5  6.8984E+12   1.01000   1.02423
   225.5  6.0894E+12   1.01188   1.02879
   226.5  4.4699E+12   1.01636   1.03740
   227.5  4.3296E+12   1.01567   1.03017
   228.5  6.4542E+12   1.01198   1.02578
   229.5  5.5942E+12   1.01077   1.02212
   230.5  6.7526E+12   1.01345   1.03093
   231.5  5.6250E+12   1.01478   1.03399
   232.5  6.3526E+12   1.01376   1.03165
   233.5  5.2876E+12   1.01300   1.02990
   234.5  4.2355E+12   1.01556   1.03579
   235.5  6.9457E+12   1.01229   1.02826
   236.5  5.4587E+12   1.01562   1.03592
   237.5  6.6645E+12   1.01250   1.02875
   238.5  4.5056E+12   1.01722   1.03961
   239.5  5.5042E+12   1.01457   1.03351
   240.5  5.0236E+12   1.01461   1.03359
   241.5  6.0748E+12   1.01317   1.03029
   242.5  9.3093E+12   1.00957   1.02201
   243.5  8.2728E+12   1.00999   1.02298
   244.5  8.0257E+12   1.01246   1.02866
   245.5  6.1989E+12   1.01379   1.03172
   246.5  6.2859E+12   1.01173   1.02698
   247.5  7.3489E+12   1.01204   1.02770
   248.5  5.6425E+12   1.01472   1.03386
   249.5  7.3097E+12   1.01105   1.02541
   250.5  7.7364E+12   1.01316   1.03026
   251.5  5.8571E+12   1.01187   1.02729
   252.5  5.1524E+12   1.01292   1.02971
   253.5  6.7759E+12   1.01080   1.02483
   254.5  7.4208E+12   1.00908   1.02089
   255.5  1.0796E+13   1.00637   1.01465
   256.5  1.3111E+13   1.00432   1.00993
   257.5  1.6472E+13   1.00213   1.00491
   258.5  1.7574E+13   1.00277   1.00636
   259.5  1.4427E+13   1.00896   1.02061
   260.5  1.1714E+13   1.00817   1.01879
   261.5  1.1567E+13   1.00967   1.02225
   262.5  1.4630E+13   1.00972   1.02236
   263.5  2.1590E+13   1.00181   1.00417
   264.5  3.6449E+13   1.00179   1.00411
   265.5  3.6826E+13   1.00187   1.00431
   266.5  3.5062E+13   1.00120   1.00275
   267.5  3.6285E+13   1.00221   1.00508
   268.5  3.5393E+13   1.00134   1.00308
   269.5  3.2813E+13   1.00093   1.00213
   270.5  4.0438E+13   1.00161   1.00370
   271.5  3.3424E+13   1.00193   1.00443
   272.5  2.6753E+13   1.00278   1.00639
   273.5  3.0888E+13   1.00207   1.00477
   274.5  1.7320E+13   1.00797   1.01834
   275.5  2.5493E+13   1.00580   1.01334
   276.5  3.7255E+13   1.00121   1.00279
   277.5  3.6578E+13   1.00221   1.00509
   278.5  2.3823E+13   1.00500   1.01149
   279.5  1.0531E+13   1.03907   1.08986
   280.5  1.2165E+13   1.02868   1.06596
   281.5  3.1453E+13   1.00200   1.00461
   282.5  4.4867E+13   1.00032   1.00073
   283.5  4.8781E+13   1.00135   1.00310
   284.5  3.7552E+13   1.00409   1.00942
   285.5  1.7878E+13   1.00868   1.01996
   286.5  5.0903E+13   1.00056   1.00129
   287.5  5.5847E+13   1.00150   1.00344
   288.5  4.5447E+13   1.00102   1.00235
   289.5  7.0342E+13   0.99626   1.00487
   290.5  9.5230E+13   0.99899   1.00132
   291.5  8.9580E+13   0.99819   1.00235
   292.5  7.6270E+13   0.99884   1.00150
   293.5  8.5192E+13   0.99921   1.00103
   294.5  7.7283E+13   0.99804   1.00255
   295.5  8.6998E+13   0.99762   1.00309
   296.5  7.9464E+13   0.99887   1.00147
   297.5  8.5659E+13   0.99880   1.00156
   298.5  6.3691E+13   1.00142   1.00328
   299.5  8.5667E+13   1.00093   1.00214
   300.5  5.9820E+13   1.00089   1.00204
   301.5  7.5724E+13   0.99935   1.00085
   302.5  7.3033E+13   1.00051   1.00117
   303.5  1.0120E+14   0.99809   1.00248
   304.5  9.3153E+13   0.99917   1.00108
   305.5  9.5678E+13   0.99756   1.00317
   306.5  8.8164E+13   0.99950   1.00065
   307.5  1.0241E+14   0.99921   1.00103
   308.5  1.0263E+14   0.99954   1.00060
   309.5  7.8235E+13   0.99937   1.00081
   310.5  1.0067E+14   0.99994   1.00008
   311.5  1.2189E+14   0.99884   1.00151
   312.5  1.0639E+14   0.99922   1.00101
   313.5  1.1651E+14   0.99781   1.00284
   314.5  1.0523E+14   0.99826   1.00226
   315.5  1.0760E+14   0.99888   1.00146
   316.5  9.9813E+13   1.00066   1.00153
   317.5  1.3900E+14   0.99947   1.00069
   318.5  1.0768E+14   1.00075   1.00173
   319.5  1.1616E+14   0.99954   1.00059
   320.5  1.4397E+14   0.99852   1.00192
   321.5  1.1121E+14   0.99884   1.00150
   322.5  1.1691E+14   0.99824   1.00228
   323.5  1.1109E+14   0.99903   1.00126
   324.5  1.3283E+14   0.99889   1.00144
   325.5  1.4903E+14   0.99995   1.00006
   326.5  1.6985E+14   0.99776   1.00291
   327.5  1.6347E+14   0.99770   1.00300
   328.5  1.5273E+14   0.99796   1.00265
   329.5  1.8885E+14   0.99911   1.00116
   330.5  1.7433E+14   0.99748   1.00327
   331.5  1.7174E+14   0.99905   1.00123
   332.5  1.6510E+14   0.99765   1.00306
   333.5  1.5786E+14   0.99913   1.00113
   334.5  1.7043E+14   0.99782   1.00283
   335.5  1.7141E+14   0.99858   1.00184
   336.5  1.3786E+14   0.99853   1.00191
   337.5  1.4784E+14   0.99950   1.00064
   338.5  1.6118E+14   0.99881   1.00154
   339.5  1.6400E+14   0.99790   1.00273
   340.5  1.8156E+14   0.99822   1.00232
   341.5  1.6129E+14   0.99958   1.00054
   342.5  1.7854E+14   0.99865   1.00176
   343.5  1.8190E+14   1.00017   1.00040
   344.5  1.3220E+14   1.00060   1.00137
   345.5  1.7741E+14   0.99914   1.00112
   346.5  1.6322E+14   0.99850   1.00195
   347.5  1.6032E+14   0.99842   1.00205
   348.5  1.6969E+14   0.99939   1.00079
   349.5  1.5253E+14   0.99951   1.00064
   350.5  2.0124E+14   0.99807   1.00251
   351.5  1.7962E+14   0.99908   1.00119
   352.5  1.5886E+14   0.99768   1.00302
   353.5  1.9454E+14   0.99841   1.00207
   354.5  2.0514E+14   0.99882   1.00154
   355.5  1.9199E+14   0.99824   1.00229
   356.5  1.7232E+14   1.00047   1.00107
   357.5  1.5441E+14   0.99905   1.00123
   358.5  1.1507E+14   1.00110   1.00253
   359.5  1.9726E+14   0.99803   1.00256
   360.5  1.8427E+14   0.99889   1.00144
   361.5  1.6708E+14   0.99963   1.00048
   362.5  1.9468E+14   0.99792   1.00270
   363.5  1.7641E+14   0.99781   1.00284
   364.5  1.9054E+14   0.99981   1.00024
   365.5  2.2026E+14   0.99647   1.00459
   366.5  2.3550E+14   0.99894   1.00138
   367.5  2.2866E+14   0.99901   1.00128
   368.5  2.0248E+14   0.99812   1.00244
   369.5  2.4075E+14   0.99839   1.00210
   370.5  2.1828E+14   0.99915   1.00111
   371.5  2.4823E+14   0.99875   1.00162
   372.5  1.9800E+14   0.99805   1.00254
   373.5  1.6948E+14   0.99854   1.00190
   374.5  1.8474E+14   1.00052   1.00119
   375.5  2.1797E+14   0.99959   1.00054
   376.5  2.0902E+14   0.99918   1.00106
   377.5  2.5328E+14   0.99824   1.00229
   378.5  2.7167E+14   0.99933   1.00088
   379.5  2.0568E+14   0.99849   1.00196
   380.5  2.4302E+14   0.99980   1.00026
   381.5  2.2149E+14   0.99993   1.00009
   382.5  1.5592E+14   0.99983   1.00022
   383.5  1.3254E+14   1.00030   1.00069
   384.5  1.9546E+14   1.00139   1.00320
   385.5  2.0140E+14   1.00129   1.00298
   386.5  2.0500E+14   1.00078   1.00180
   387.5  1.9532E+14   1.00092   1.00212
   388.5  1.8779E+14   1.00059   1.00136
   389.5  2.3945E+14   0.99931   1.00090
   390.5  2.4529E+14   0.99969   1.00041
   391.5  2.8644E+14   0.99939   1.00079
   392.5  2.1500E+14   0.99873   1.00166
   393.5  9.1257E+13   1.00612   1.01407
   394.5  2.1593E+14   0.99972   1.00036
   395.5  2.7973E+14   0.99870   1.00169
   396.5  1.5728E+14   1.00570   1.01312
   397.5  1.7465E+14   0.99946   1.00070
   398.5  3.1799E+14   0.99959   1.00053
   399.5  3.4064E+14   0.99761   1.00311
   400.5  3.4365E+14   0.99799   1.00261
   401.5  3.6491E+14   0.99868   1.00172
   402.5  3.7487E+14   0.99797   1.00264
   403.5  3.4887E+14   0.99652   1.00453
   404.5  3.4664E+14   0.99848   1.00198
   405.5  3.5970E+14   0.99811   1.00246
   406.5  3.3407E+14   0.99863   1.00178
   407.5  3.4082E+14   0.99759   1.00314
   408.5  3.7040E+14   0.99736   1.00344
   409.5  3.6764E+14   0.99803   1.00256
   410.5  3.0927E+14   0.99917   1.00108
   411.5  3.8779E+14   0.99795   1.00266
   412.5  3.8954E+14   0.99744   1.00333
   413.5  3.8081E+14   0.99792   1.00270
   414.5  3.8747E+14   0.99865   1.00175
   415.5  3.7813E+14   0.99780   1.00285
   416.5  4.0429E+14   0.99736   1.00343
   417.5  3.6589E+14   0.99893   1.00139
   418.5  3.7227E+14   0.99719   1.00366
   419.5  3.8097E+14   0.99744   1.00333
