 1816 lines:  Solar Min. Reference spectrum for 0-1 mm (Tom Woods 10/22/03)
 2 columns : wavelength (nm), irradiance (mW/m^2/nm)
      0.50000000   4.5415999e-05
       1.5000000     0.011687200
       2.5000000    0.0027689599
       3.5000000    0.0089034283
       4.5000000     0.017410222
       5.5000000     0.028457090
       6.5000000     0.026111692
       7.5000000     0.020175199
       8.5000000     0.018261882
       9.5000000     0.011856842
       10.500000    0.0050834284
       11.500000    0.0025655651
       12.500000    0.0013521760
       13.500000    0.0014998518
       14.500000     0.014125517
       15.500000    0.0082748385
       16.500000     0.025129696
       17.500000      0.35298285
       18.500000      0.16774054
       19.500000     0.099794869
       20.500000     0.082623412
       21.500000     0.035899534
       22.500000     0.059717332
       23.500000     0.014137021
       24.500000     0.027453060
       25.500000     0.063714508
       26.500000     0.015876981
       27.500000     0.039977453
       28.500000     0.023908771
       29.500000     0.025427118
       30.500000      0.48970490
       31.500000     0.070349204
       32.500000     0.038738460
       33.500000     0.038304477
       34.500000     0.040927535
       35.500000     0.031678872
       36.500000     0.042756163
       37.500000     0.012832000
       38.500000    0.0055012985
       39.500000    0.0048349366
       40.500000    0.0081086417
       41.500000    0.0048578312
       42.500000    0.0044503528
       43.500000    0.0085241377
       44.500000    0.0040705617
       45.500000    0.0036808790
       46.500000     0.012735484
       47.500000    0.0052842104
       48.500000    0.0089649482
       49.500000     0.017155555
       50.500000     0.013493069
       51.500000    0.0044737863
       52.500000    0.0047123808
       53.500000    0.0058093456
       54.500000    0.0040954127
       55.500000     0.018039639
       56.500000    0.0052601768
       57.500000    0.0049808694
       58.500000     0.027360683
       59.500000    0.0064974788
       60.500000     0.017933884
       61.500000    0.0082308941
       62.500000     0.033823999
       63.500000    0.0080913384
       64.500000    0.0020641860
       65.500000    0.0014980152
       66.500000    0.0014451127
       67.500000    0.0014432592
       68.500000    0.0048875911
       69.500000    0.0034388488
       70.500000    0.0098553189
       71.500000    0.0041790209
       72.500000    0.0028358620
       73.500000    0.0036952380
       74.500000    0.0045530200
       75.500000    0.0073403971
       76.500000     0.019152941
       77.500000     0.014015483
       78.500000     0.023429299
       79.500000     0.011584905
       80.500000     0.010862111
       81.500000     0.012341104
       82.500000     0.018232727
       83.500000     0.033820358
       84.500000     0.022641419
       85.500000     0.025216374
       86.500000     0.026728323
       87.500000     0.031817142
       88.500000     0.036361581
       89.500000     0.044223462
       90.500000     0.052397789
       91.500000     0.040568305
       92.500000     0.014313513
       93.500000     0.012800000
       94.500000    0.0090730156
       95.500000    0.0057445025
       96.500000    0.0059730568
       97.500000      0.10266666
       98.500000     0.012097462
       99.500000     0.018661306
       100.50000    0.0076019898
       101.50000    0.0087862066
       102.50000     0.072136583
       103.50000     0.075014491
       104.50000     0.012124402
       105.50000     0.010265403
       106.50000    0.0098028166
       107.50000     0.010422325
       108.50000     0.017397235
       109.50000     0.011702283
       110.50000     0.012483258
       111.50000     0.012873542
       112.50000     0.012200889
       113.50000     0.010949779
       114.50000    0.0074113535
       115.50000     0.012180086
       116.50000     0.013763090
       117.50000     0.050570211
       118.50000     0.015497046
       119.50000     0.046980752
       120.50000      0.12464398
       121.50000       6.2350616
       122.50000     0.051492243
       123.50000     0.035964371
       124.50000     0.027336545
       125.50000     0.026403187
       126.50000     0.036124900
       127.50000     0.020712156
       128.50000     0.017190661
       129.50000     0.019176833
       130.50000      0.15923371
       131.50000     0.027093535
       132.50000     0.020232452
       133.50000      0.16814981
       134.50000     0.017964312
       135.50000     0.041393357
       136.50000     0.026536263
       137.50000     0.028530908
       138.50000     0.028622382
       139.50000     0.071532614
       140.50000     0.063466190
       141.50000     0.041024734
       142.50000     0.044818244
       143.50000     0.052027873
       144.50000     0.050719722
       145.50000     0.054762885
       146.50000     0.068062797
       147.50000     0.086089489
       148.50000     0.087593264
       149.50000     0.078961871
       150.50000     0.088312290
       151.50000     0.095469304
       152.50000      0.11768655
       153.50000      0.13186970
       154.50000      0.22265372
       155.50000      0.19017363
       156.50000      0.19772523
       157.50000      0.17881904
       158.50000      0.17258044
       159.50000      0.17404388
       160.50000      0.19423052
       161.50000      0.22845820
       162.50000      0.26200615
       163.50000      0.28490519
       164.50000      0.31505166
       165.50000      0.50351660
       166.50000      0.35907506
       167.50000      0.41424476
       168.50000      0.47397031
       169.50000      0.61893804
       170.50000      0.71089734
       171.50000      0.70386004
       172.50000      0.76644636
       173.50000      0.77635733
       174.50000      0.95585098
       175.50000       1.1765242
       176.50000       1.2787535
       177.50000       1.5362253
       178.50000       1.7126050
       179.50000       1.6700835
       180.50000       1.9755124
       181.50000       2.3406060
       182.50000       2.2378082
       183.50000       2.3869209
       184.50000       2.0443360
       185.50000       2.3403773
       186.50000       2.6748525
       187.50000       3.1091199
       188.50000       3.2972943
       189.50000       3.7027967
       190.50000       3.8624671
       191.50000       4.2348824
       192.50000       4.5249869
       193.50000       3.4406201
       194.50000       5.7319279
       195.50000       5.5867006
       196.50000       6.3340456
       197.50000       6.4241011
       198.50000       6.4982366
       199.50000       7.0624559
       200.50000       7.3260000
       201.50000       8.0230000
       202.50000       8.2610000
       203.50000       9.2170000
       204.50000       10.250000
       205.50000       10.540000
       206.50000       11.080000
       207.50000       12.650000
       208.50000       15.050000
       209.50000       21.380000
       210.50000       27.920000
       211.50000       33.540000
       212.50000       31.300000
       213.50000       33.150000
       214.50000       40.030000
       215.50000       36.150000
       216.50000       32.270000
       217.50000       35.290000
       218.50000       44.370000
       219.50000       46.920000
       220.50000       47.330000
       221.50000       39.580000
       222.50000       49.650000
       223.50000       63.010000
       224.50000       58.970000
       225.50000       52.290000
       226.50000       39.400000
       227.50000       39.920000
       228.50000       51.950000
       229.50000       47.710000
       230.50000       52.120000
       231.50000       50.970000
       232.50000       53.260000
       233.50000       44.740000
       234.50000       38.970000
       235.50000       51.420000
       236.50000       48.590000
       237.50000       48.440000
       238.50000       41.960000
       239.50000       44.120000
       240.50000       39.560000
       241.50000       51.480000
       242.50000       70.600000
       243.50000       66.530000
       244.50000       60.970000
       245.50000       49.390000
       246.50000       50.400000
       247.50000       55.500000
       248.50000       45.650000
       249.50000       56.380000
       250.50000       60.100000
       251.50000       46.010000
       252.50000       41.550000
       253.50000       51.550000
       254.50000       59.570000
       255.50000       79.300000
       256.50000       101.80000
       257.50000       125.40000
       258.50000       125.10000
       259.50000       104.00000
       260.50000       85.510000
       261.50000       89.800000
       262.50000       103.60000
       263.50000       165.80000
       264.50000       249.70000
       265.50000       252.70000
       266.50000       249.40000
       267.50000       250.80000
       268.50000       243.80000
       269.50000       238.90000
       270.50000       267.30000
       271.50000       224.40000
       272.50000       197.40000
       273.50000       196.50000
       274.50000       132.60000
       275.50000       175.10000
       276.50000       242.80000
       277.50000       233.80000
       278.50000       159.30000
       279.50000       85.550000
       280.50000       94.630000
       281.50000       208.30000
       282.50000       294.10000
       283.50000       313.50000
       284.50000       235.30000
       285.50000       163.10000
       286.50000       322.70000
       287.50000       336.30000
       288.50000       322.20000
       289.50000       472.70000
       290.50000       601.30000
       291.50000       580.80000
       292.50000       521.90000
       293.50000       535.50000
       294.50000       508.80000
       295.50000       553.20000
       296.50000       509.60000
       297.50000       507.30000
       298.50000       465.50000
       299.50000       484.00000
       300.50000       420.00000
       301.50000       455.50000
       302.50000       489.00000
       303.50000       620.60000
       304.50000       602.50000
       305.50000       594.80000
       306.50000       555.70000
       307.50000       615.00000
       308.50000       611.40000
       309.50000       496.50000
       310.50000       622.40000
       311.50000       729.20000
       312.50000       655.90000
       313.50000       699.90000
       314.50000       662.90000
       315.50000       633.00000
       316.50000       633.20000
       317.50000       773.90000
       318.50000       664.90000
       319.50000       710.50000
       320.50000       805.10000
       321.50000       699.50000
       322.50000       688.60000
       323.50000       661.30000
       324.50000       760.80000
       325.50000       875.80000
       326.50000       979.50000
       327.50000       952.70000
       328.50000       917.60000
       329.50000       1061.0000
       330.50000       1016.0000
       331.50000       965.70000
       332.50000       954.90000
       333.50000       921.60000
       334.50000       958.90000
       335.50000       943.40000
       336.50000       809.50000
       337.50000       841.80000
       338.50000       921.50000
       339.50000       958.10000
       340.50000       1007.0000
       341.50000       923.80000
       342.50000       993.00000
       343.50000       950.60000
       344.50000       795.70000
       345.50000       939.20000
       346.50000       926.40000
       347.50000       901.70000
       348.50000       897.20000
       349.50000       889.80000
       350.50000       1050.0000
       351.50000       979.50000
       352.50000       907.90000
       353.50000       1033.0000
       354.50000       1111.0000
       355.50000       1045.0000
       356.50000       912.30000
       357.50000       796.00000
       358.50000       693.60000
       359.50000       991.10000
       360.50000       970.80000
       361.50000       878.10000
       362.50000       997.80000
       363.50000       996.90000
       364.50000       1013.0000
       365.50000       1152.0000
       366.50000       1233.0000
       367.50000       1180.0000
       368.50000       1101.0000
       369.50000       1226.0000
       370.50000       1139.0000
       371.50000       1175.0000
       372.50000       1054.0000
       373.50000       920.20000
       374.50000       900.40000
       375.50000       1062.0000
       376.50000       1085.0000
       377.50000       1282.0000
       378.50000       1327.0000
       379.50000       1066.0000
       380.50000       1202.0000
       381.50000       1082.0000
       382.50000       791.30000
       383.50000       684.10000
       384.50000       959.70000
       385.50000       1008.0000
       386.50000       1007.0000
       387.50000       1004.0000
       388.50000       984.30000
       389.50000       1174.0000
       390.50000       1247.0000
       391.50000       1342.0000
       392.50000       1019.0000
       393.50000       582.30000
       394.50000       1026.0000
       395.50000       1314.0000
       396.50000       854.50000
       397.50000       928.80000
       398.50000       1522.0000
       399.50000       1663.0000
       400.50000       1682.0000
       401.50000       1746.0000
       402.50000       1759.0000
       403.50000       1684.0000
       404.50000       1674.0000
       405.50000       1667.0000
       406.50000       1589.0000
       407.50000       1628.0000
       408.50000       1735.0000
       409.50000       1715.0000
       410.50000       1532.0000
       411.50000       1817.0000
       412.50000       1789.0000
       413.50000       1756.0000
       414.50000       1737.0000
       415.50000       1734.0000
       416.50000       1842.0000
       417.50000       1665.0000
       418.50000       1684.0000
       419.50000       1701.0000
       420.50000       1757.0000
       421.50000       1797.0000
       422.50000       1582.0000
       423.50000       1711.0000
       424.50000       1767.0000
       425.50000       1695.0000
       426.50000       1698.0000
       427.50000       1569.0000
       428.50000       1587.0000
       429.50000       1475.0000
       430.50000       1135.0000
       431.50000       1686.0000
       432.50000       1646.0000
       433.50000       1731.0000
       434.50000       1670.0000
       435.50000       1723.0000
       436.50000       1929.0000
       437.50000       1806.0000
       438.50000       1567.0000
       439.50000       1825.0000
       440.50000       1713.0000
       441.50000       1931.0000
       442.50000       1980.0000
       443.50000       1909.0000
       444.50000       1973.0000
       445.50000       1821.0000
       446.50000       1891.0000
       447.50000       2077.0000
       448.50000       1973.0000
       449.50000       2027.0000
       450.50000       2144.0000
       451.50000       2109.0000
       452.50000       1941.0000
       453.50000       1970.0000
       454.50000       1979.0000
       455.50000       2034.0000
       456.50000       2077.0000
       457.50000       2100.0000
       458.50000       1971.0000
       459.50000       2009.0000
       460.50000       2040.0000
       461.50000       2055.0000
       462.50000       2104.0000
       463.50000       2040.0000
       464.50000       1976.0000
       465.50000       2042.0000
       466.50000       1921.0000
       467.50000       2015.0000
       468.50000       1994.0000
       469.50000       1990.0000
       470.50000       1877.0000
       471.50000       2018.0000
       472.50000       2041.0000
       473.50000       1991.0000
       474.50000       2051.0000
       475.50000       2016.0000
       476.50000       1956.0000
       477.50000       2075.0000
       478.50000       2009.0000
       479.50000       2076.0000
       480.50000       2035.0000
       481.50000       2090.0000
       482.50000       2023.0000
       483.50000       2019.0000
       484.50000       1969.0000
       485.50000       1830.0000
       486.50000       1625.0000
       487.50000       1830.0000
       488.50000       1914.0000
       489.50000       1960.0000
       490.50000       2007.0000
       491.50000       1896.0000
       492.50000       1896.0000
       493.50000       1888.0000
       494.50000       2058.0000
       495.50000       1926.0000
       496.50000       2017.0000
       497.50000       2018.0000
       498.50000       1866.0000
       499.50000       1970.0000
       500.50000       1857.0000
       501.50000       1812.0000
       502.50000       1894.0000
       503.50000       1934.0000
       504.50000       1869.0000
       505.50000       1993.0000
       506.50000       1961.0000
       507.50000       1906.0000
       508.50000       1919.0000
       509.50000       1916.0000
       510.50000       1947.0000
       511.50000       1997.0000
       512.50000       1867.0000
       513.50000       1861.0000
       514.50000       1874.0000
       515.50000       1900.0000
       516.50000       1669.0000
       517.50000       1726.0000
       518.50000       1654.0000
       519.50000       1828.0000
       520.50000       1831.0000
       521.50000       1906.0000
       522.50000       1823.0000
       523.50000       1894.0000
       524.50000       1958.0000
       525.50000       1930.0000
       526.50000       1674.0000
       527.50000       1828.0000
       528.50000       1897.0000
       529.50000       1918.0000
       530.50000       1952.0000
       531.50000       1963.0000
       532.50000       1770.0000
       533.50000       1923.0000
       534.50000       1858.0000
       535.50000       1990.0000
       536.50000       1871.0000
       537.50000       1882.0000
       538.50000       1904.0000
       539.50000       1832.0000
       540.50000       1769.0000
       541.50000       1881.0000
       542.50000       1825.0000
       543.50000       1879.0000
       544.50000       1879.0000
       545.50000       1901.0000
       546.50000       1879.0000
       547.50000       1833.0000
       548.50000       1863.0000
       549.50000       1895.0000
       550.50000       1862.0000
       551.50000       1871.0000
       552.50000       1846.0000
       553.50000       1882.0000
       554.50000       1898.0000
       555.50000       1897.0000
       556.50000       1821.0000
       557.50000       1846.0000
       558.50000       1787.0000
       559.50000       1808.0000
       560.50000       1843.0000
       561.50000       1824.0000
       562.50000       1850.0000
       563.50000       1861.0000
       564.50000       1854.0000
       565.50000       1798.0000
       566.50000       1829.0000
       567.50000       1887.0000
       568.50000       1810.0000
       569.50000       1860.0000
       570.50000       1769.0000
       571.50000       1823.0000
       572.50000       1892.0000
       573.50000       1876.0000
       574.50000       1867.0000
       575.50000       1830.0000
       576.50000       1846.0000
       577.50000       1857.0000
       578.50000       1783.0000
       579.50000       1828.0000
       580.50000       1838.0000
       581.50000       1853.0000
       582.50000       1873.0000
       583.50000       1857.0000
       584.50000       1860.0000
       585.50000       1783.0000
       586.50000       1830.0000
       587.50000       1848.0000
       588.50000       1750.0000
       589.50000       1612.0000
       590.50000       1813.0000
       591.50000       1787.0000
       592.50000       1808.0000
       593.50000       1796.0000
       594.50000       1773.0000
       595.50000       1782.0000
       596.50000       1805.0000
       597.50000       1780.0000
       598.50000       1757.0000
       599.50000       1774.0000
       600.50000       1746.0000
       601.50000       1751.0000
       602.50000       1719.0000
       603.50000       1787.0000
       604.50000       1776.0000
       605.50000       1763.0000
       606.50000       1759.0000
       607.50000       1757.0000
       608.50000       1743.0000
       609.50000       1744.0000
       610.50000       1703.0000
       611.50000       1746.0000
       612.50000       1705.0000
       613.50000       1683.0000
       614.50000       1713.0000
       615.50000       1713.0000
       616.50000       1609.0000
       617.50000       1707.0000
       618.50000       1724.0000
       619.50000       1707.0000
       620.50000       1734.0000
       621.50000       1690.0000
       622.50000       1713.0000
       623.50000       1666.0000
       624.50000       1656.0000
       625.50000       1632.0000
       626.50000       1697.0000
       627.50000       1697.0000
       628.50000       1697.0000
       629.50000       1677.0000
       631.00000       1639.0000
       633.00000       1651.0000
       635.00000       1656.0000
       637.00000       1654.0000
       639.00000       1651.0000
       641.00000       1614.0000
       643.00000       1621.0000
       645.00000       1627.0000
       647.00000       1603.0000
       649.00000       1558.0000
       651.00000       1606.0000
       653.00000       1599.0000
       655.00000       1532.0000
       657.00000       1384.0000
       659.00000       1549.0000
       661.00000       1571.0000
       663.00000       1555.0000
       665.00000       1560.0000
       667.00000       1535.0000
       669.00000       1546.0000
       671.00000       1516.0000
       673.00000       1521.0000
       675.00000       1510.0000
       677.00000       1508.0000
       679.00000       1498.0000
       681.00000       1492.0000
       683.00000       1479.0000
       685.00000       1455.0000
       687.00000       1467.0000
       689.00000       1461.0000
       691.00000       1448.0000
       693.00000       1448.0000
       695.00000       1436.0000
       697.00000       1416.0000
       699.00000       1425.0000
       701.00000       1386.0000
       703.00000       1388.0000
       705.00000       1415.0000
       707.00000       1400.0000
       709.00000       1384.0000
       711.00000       1385.0000
       713.00000       1373.0000
       715.00000       1366.0000
       717.00000       1354.0000
       719.00000       1328.0000
       721.00000       1331.0000
       723.00000       1348.0000
       725.00000       1350.0000
       727.00000       1346.0000
       729.00000       1319.0000
       731.00000       1326.0000
       733.00000       1318.0000
       735.00000       1309.0000
       737.00000       1307.0000
       739.00000       1278.0000
       741.00000       1258.0000
       743.00000       1286.0000
       745.00000       1279.0000
       747.00000       1283.0000
       749.00000       1270.0000
       751.00000       1262.0000
       753.00000       1259.0000
       755.00000       1255.0000
       757.00000       1248.0000
       759.00000       1240.0000
       761.00000       1237.0000
       763.00000       1241.0000
       765.00000       1221.0000
       767.00000       1185.0000
       769.00000       1203.0000
       771.00000       1204.0000
       773.00000       1208.0000
       775.00000       1188.0000
       777.00000       1196.0000
       779.00000       1187.0000
       781.00000       1187.0000
       783.00000       1176.0000
       785.00000       1180.0000
       787.00000       1177.0000
       789.00000       1174.0000
       791.00000       1158.0000
       793.00000       1143.0000
       795.00000       1134.0000
       797.00000       1152.0000
       799.00000       1135.0000
       801.00000       1142.0000
       803.00000       1129.0000
       805.00000       1115.0000
       807.00000       1120.0000
       809.00000       1095.0000
       811.00000       1114.0000
       813.00000       1115.0000
       815.00000       1107.0000
       817.00000       1104.0000
       819.00000       1063.0000
       821.00000       1080.0000
       823.00000       1073.0000
       825.00000       1075.0000
       826.00000       1080.0000
       828.00000       1081.0000
       830.00000       1063.0000
       832.00000       1051.0000
       834.00000       1041.0000
       836.00000       1052.0000
       838.00000       1044.0000
       840.00000       1040.0000
       842.00000       1036.0000
       844.00000       1024.0000
       846.00000       1028.0000
       848.00000       1023.0000
       850.00000       966.00000
       852.00000       996.10000
       854.00000       878.00000
       856.00000       975.50000
       858.00000       1005.0000
       860.00000       996.90000
       862.00000       994.90000
       864.00000       999.30000
       866.00000       886.20000
       868.00000       939.50000
       870.00000       974.70000
       872.00000       983.30000
       874.00000       971.30000
       876.00000       964.00000
       878.00000       974.90000
       880.00000       955.40000
       882.00000       951.10000
       884.00000       957.90000
       886.00000       938.30000
       888.00000       944.30000
       890.00000       953.00000
       892.00000       939.40000
       894.00000       933.20000
       896.00000       938.70000
       898.00000       933.90000
       900.00000       915.80000
       902.00000       891.60000
       904.00000       928.50000
       906.00000       917.60000
       908.00000       902.50000
       910.00000       891.60000
       912.00000       896.70000
       914.00000       907.10000
       916.00000       900.40000
       918.00000       895.10000
       920.00000       890.80000
       922.00000       863.00000
       924.00000       858.50000
       926.00000       861.20000
       928.00000       876.90000
       930.00000       867.70000
       932.00000       865.10000
       934.00000       864.10000
       936.00000       854.70000
       938.00000       858.00000
       940.00000       843.80000
       942.00000       825.00000
       944.00000       832.40000
       946.00000       837.50000
       948.00000       840.70000
       950.00000       836.90000
       952.00000       831.70000
       954.00000       808.00000
       956.00000       808.20000
       958.00000       818.80000
       960.00000       815.10000
       962.00000       808.90000
       964.00000       801.30000
       966.00000       794.70000
       968.00000       796.90000
       970.00000       795.90000
       972.00000       793.60000
       974.00000       781.50000
       976.00000       782.50000
       978.00000       777.90000
       980.00000       774.60000
       982.00000       776.40000
       984.00000       769.80000
       986.00000       766.10000
       988.00000       761.50000
       990.00000       754.10000
       992.00000       756.70000
       994.00000       755.60000
       996.00000       752.50000
       998.00000       751.00000
       1000.0000       747.90000
       1002.0000       746.90000
       1004.0000       726.10000
       1006.0000       713.60000
       1008.0000       733.50000
       1010.0000       731.30000
       1012.0000       726.20000
       1014.0000       721.00000
       1016.0000       713.90000
       1018.0000       710.70000
       1020.0000       704.10000
       1022.0000       702.10000
       1024.0000       705.40000
       1026.0000       702.70000
       1028.0000       698.90000
       1030.0000       693.70000
       1032.0000       690.50000
       1034.0000       681.70000
       1036.0000       684.00000
       1038.0000       677.20000
       1040.0000       676.10000
       1042.0000       674.60000
       1044.0000       671.40000
       1046.0000       660.00000
       1048.0000       664.40000
       1050.0000       662.20000
       1052.0000       658.60000
       1054.0000       654.90000
       1056.0000       655.70000
       1058.0000       645.10000
       1060.0000       641.50000
       1062.0000       643.80000
       1064.0000       645.90000
       1066.0000       639.50000
       1068.0000       631.70000
       1070.0000       624.10000
       1072.0000       632.60000
       1074.0000       627.60000
       1076.0000       628.00000
       1078.0000       627.20000
       1080.0000       624.70000
       1082.0000       609.90000
       1084.0000       618.00000
       1086.0000       620.80000
       1088.0000       610.30000
       1090.0000       619.90000
       1092.0000       615.90000
       1094.0000       584.90000
       1096.0000       598.30000
       1098.0000       596.10000
       1100.0000       604.20000
       1102.0000       593.20000
       1104.0000       597.40000
       1106.0000       594.50000
       1108.0000       591.60000
       1110.0000       590.60000
       1112.0000       584.30000
       1114.0000       584.40000
       1116.0000       583.10000
       1118.0000       581.50000
       1120.0000       574.10000
       1122.0000       579.60000
       1124.0000       576.90000
       1126.0000       565.50000
       1128.0000       570.00000
       1130.0000       565.30000
       1132.0000       567.80000
       1134.0000       563.80000
       1136.0000       565.80000
       1138.0000       556.90000
       1140.0000       553.00000
       1142.0000       553.10000
       1144.0000       551.40000
       1146.0000       554.80000
       1148.0000       552.50000
       1150.0000       548.90000
       1152.0000       545.80000
       1154.0000       547.90000
       1156.0000       545.50000
       1158.0000       543.50000
       1160.0000       532.00000
       1162.0000       532.50000
       1164.0000       533.20000
       1166.0000       530.30000
       1168.0000       531.20000
       1170.0000       527.60000
       1172.0000       531.50000
       1174.0000       527.30000
       1176.0000       518.40000
       1178.0000       519.00000
       1180.0000       523.90000
       1182.0000       515.90000
       1184.0000       510.30000
       1186.0000       518.70000
       1188.0000       507.50000
       1190.0000       508.50000
       1192.0000       516.10000
       1194.0000       514.50000
       1196.0000       508.40000
       1198.0000       494.30000
       1200.0000       500.30000
       1202.0000       506.80000
       1204.0000       494.80000
       1206.0000       503.90000
       1208.0000       489.00000
       1210.0000       488.20000
       1212.0000       493.30000
       1214.0000       494.20000
       1216.0000       493.00000
       1218.0000       489.70000
       1220.0000       487.50000
       1222.0000       485.40000
       1224.0000       484.60000
       1226.0000       481.70000
       1228.0000       477.10000
       1230.0000       479.20000
       1232.0000       475.00000
       1234.0000       472.90000
       1236.0000       471.90000
       1238.0000       470.30000
       1240.0000       465.30000
       1242.0000       464.20000
       1244.0000       461.90000
       1246.0000       463.50000
       1248.0000       463.30000
       1250.0000       462.40000
       1252.0000       457.10000
       1254.0000       457.40000
       1256.0000       455.10000
       1258.0000       453.30000
       1260.0000       453.00000
       1262.0000       449.70000
       1264.0000       447.80000
       1266.0000       446.70000
       1268.0000       441.70000
       1270.0000       445.30000
       1272.0000       445.20000
       1274.0000       443.10000
       1276.0000       445.10000
       1278.0000       444.00000
       1280.0000       435.60000
       1282.0000       401.40000
       1284.0000       425.90000
       1286.0000       432.80000
       1288.0000       431.40000
       1290.0000       425.50000
       1292.0000       425.40000
       1294.0000       422.30000
       1296.0000       422.40000
       1298.0000       418.40000
       1300.0000       418.60000
       1302.0000       413.90000
       1304.0000       411.10000
       1306.0000       413.60000
       1308.0000       412.30000
       1310.0000       410.60000
       1312.0000       403.30000
       1314.0000       402.20000
       1316.0000       397.90000
       1318.0000       401.70000
       1320.0000       401.60000
       1322.0000       398.60000
       1324.0000       398.10000
       1326.0000       394.90000
       1328.0000       390.80000
       1330.0000       387.80000
       1332.0000       386.30000
       1334.0000       389.20000
       1336.0000       386.60000
       1338.0000       383.20000
       1340.0000       379.00000
       1342.0000       380.50000
       1344.0000       379.80000
       1346.0000       377.20000
       1348.0000       376.60000
       1350.0000       372.40000
       1352.0000       374.20000
       1354.0000       372.20000
       1356.0000       367.50000
       1358.0000       368.80000
       1360.0000       367.30000
       1362.0000       367.70000
       1364.0000       365.70000
       1366.0000       365.70000
       1368.0000       362.80000
       1370.0000       359.90000
       1372.0000       362.10000
       1374.0000       361.10000
       1376.0000       356.10000
       1378.0000       358.00000
       1380.0000       357.90000
       1382.0000       354.50000
       1384.0000       354.70000
       1386.0000       353.20000
       1388.0000       353.00000
       1390.0000       350.60000
       1392.0000       351.30000
       1394.0000       348.80000
       1396.0000       348.70000
       1398.0000       349.20000
       1400.0000       342.70000
       1402.0000       343.90000
       1404.0000       342.80000
       1406.0000       343.10000
       1408.0000       342.70000
       1410.0000       341.80000
       1412.0000       334.80000
       1414.0000       337.70000
       1416.0000       338.50000
       1418.0000       338.60000
       1420.0000       335.70000
       1422.0000       331.50000
       1424.0000       331.10000
       1426.0000       328.10000
       1428.0000       328.50000
       1430.0000       325.70000
       1432.0000       330.00000
       1434.0000       328.40000
       1436.0000       328.50000
       1438.0000       328.30000
       1440.0000       318.80000
       1442.0000       318.60000
       1444.0000       319.70000
       1446.0000       321.60000
       1448.0000       321.60000
       1450.0000       318.70000
       1452.0000       315.40000
       1454.0000       314.30000
       1456.0000       313.10000
       1458.0000       316.70000
       1460.0000       315.60000
       1462.0000       312.10000
       1464.0000       310.50000
       1466.0000       310.80000
       1468.0000       311.40000
       1470.0000       310.20000
       1472.0000       307.30000
       1474.0000       303.40000
       1476.0000       304.80000
       1478.0000       304.40000
       1480.0000       306.80000
       1482.0000       304.40000
       1484.0000       303.90000
       1486.0000       303.30000
       1488.0000       285.50000
       1490.0000       301.50000
       1492.0000       301.80000
       1494.0000       303.30000
       1496.0000       297.20000
       1498.0000       299.40000
       1500.0000       301.10000
       1502.0000       292.40000
       1504.0000       279.90000
       1506.0000       284.80000
       1508.0000       291.90000
       1510.0000       294.70000
       1512.0000       291.30000
       1514.0000       288.30000
       1516.0000       288.20000
       1518.0000       288.40000
       1520.0000       286.60000
       1522.0000       282.40000
       1524.0000       283.50000
       1526.0000       284.60000
       1528.0000       284.60000
       1530.0000       276.50000
       1532.0000       282.30000
       1534.0000       278.40000
       1536.0000       280.60000
       1538.0000       277.30000
       1540.0000       273.00000
       1542.0000       275.30000
       1544.0000       277.80000
       1546.0000       277.20000
       1548.0000       271.10000
       1550.0000       271.30000
       1552.0000       273.10000
       1554.0000       267.60000
       1556.0000       267.10000
       1558.0000       268.90000
       1560.0000       268.30000
       1562.0000       269.70000
       1564.0000       266.90000
       1566.0000       265.40000
       1568.0000       263.30000
       1570.0000       264.50000
       1572.0000       267.30000
       1574.0000       261.00000
       1576.0000       253.60000
       1578.0000       254.70000
       1580.0000       265.00000
       1582.0000       259.00000
       1584.0000       259.10000
       1586.0000       259.90000
       1588.0000       249.00000
       1590.0000       240.50000
       1592.0000       252.60000
       1594.0000       258.30000
       1596.0000       250.60000
       1598.0000       254.50000
       1600.0000       251.20000
       1602.0000       248.90000
       1604.0000       249.70000
       1606.0000       247.70000
       1608.0000       249.10000
       1610.0000       240.00000
       1612.0000       243.00000
       1614.0000       244.90000
       1616.0000       237.40000
       1618.0000       242.30000
       1620.0000       236.90000
       1622.0000       238.30000
       1624.0000       241.60000
       1626.0000       240.20000
       1628.0000       241.80000
       1630.0000       239.30000
       1632.0000       238.70000
       1634.0000       235.90000
       1636.0000       235.70000
       1638.0000       227.40000
       1640.0000       226.20000
       1642.0000       226.60000
       1644.0000       227.80000
       1646.0000       229.40000
       1648.0000       229.20000
       1650.0000       227.20000
       1652.0000       226.80000
       1654.0000       226.20000
       1656.0000       226.00000
       1658.0000       225.20000
       1660.0000       224.50000
       1662.0000       224.60000
       1664.0000       222.70000
       1666.0000       221.20000
       1668.0000       219.30000
       1670.0000       222.50000
       1672.0000       217.30000
       1674.0000       219.30000
       1676.0000       216.10000
       1678.0000       216.80000
       1680.0000       208.00000
       1682.0000       205.40000
       1684.0000       212.90000
       1686.0000       213.10000
       1688.0000       212.00000
       1690.0000       210.50000
       1692.0000       212.30000
       1694.0000       211.20000
       1696.0000       210.00000
       1698.0000       208.90000
       1700.0000       206.30000
       1702.0000       204.70000
       1704.0000       205.20000
       1706.0000       205.00000
       1708.0000       201.70000
       1710.0000       201.30000
       1712.0000       198.20000
       1714.0000       203.70000
       1716.0000       202.20000
       1718.0000       201.00000
       1720.0000       199.30000
       1722.0000       197.50000
       1724.0000       195.40000
       1726.0000       198.20000
       1728.0000       197.10000
       1730.0000       198.40000
       1732.0000       193.60000
       1734.0000       187.40000
       1736.0000       182.70000
       1738.0000       186.30000
       1740.0000       190.50000
       1742.0000       190.20000
       1744.0000       190.70000
       1746.0000       186.70000
       1748.0000       187.20000
       1750.0000       185.80000
       1752.0000       185.00000
       1754.0000       185.60000
       1756.0000       184.90000
       1758.0000       184.30000
       1760.0000       183.10000
       1762.0000       179.30000
       1764.0000       180.70000
       1766.0000       181.70000
       1768.0000       180.20000
       1770.0000       179.10000
       1772.0000       179.40000
       1774.0000       179.20000
       1776.0000       176.30000
       1778.0000       174.70000
       1780.0000       175.60000
       1782.0000       174.70000
       1784.0000       173.50000
       1786.0000       173.90000
       1788.0000       174.70000
       1790.0000       173.30000
       1792.0000       172.10000
       1794.0000       170.90000
       1796.0000       170.60000
       1798.0000       170.30000
       1800.0000       169.90000
       1802.0000       167.20000
       1804.0000       168.80000
       1806.0000       168.80000
       1808.0000       168.50000
       1810.0000       168.60000
       1812.0000       167.50000
       1814.0000       165.80000
       1816.0000       160.50000
       1818.0000       152.00000
       1820.0000       159.60000
       1822.0000       159.80000
       1824.0000       162.40000
       1826.0000       162.80000
       1828.0000       161.10000
       1830.0000       160.60000
       1832.0000       159.30000
       1834.0000       158.50000
       1836.0000       158.10000
       1838.0000       156.20000
       1840.0000       156.20000
       1842.0000       154.00000
       1844.0000       154.10000
       1846.0000       153.50000
       1848.0000       151.00000
       1850.0000       154.60000
       1852.0000       153.40000
       1854.0000       152.50000
       1856.0000       150.90000
       1858.0000       152.50000
       1860.0000       150.30000
       1862.0000       150.40000
       1864.0000       150.90000
       1866.0000       149.40000
       1868.0000       149.20000
       1870.0000       150.80000
       1872.0000       147.30000
       1874.0000       140.10000
       1876.0000       129.90000
       1878.0000       144.10000
       1880.0000       146.20000
       1882.0000       147.40000
       1884.0000       146.40000
       1886.0000       143.90000
       1888.0000       145.30000
       1890.0000       142.40000
       1892.0000       140.80000
       1894.0000       139.60000
       1896.0000       137.30000
       1898.0000       139.00000
       1900.0000       139.70000
       1902.0000       140.90000
       1904.0000       138.60000
       1906.0000       139.00000
       1908.0000       137.70000
       1910.0000       137.80000
       1912.0000       135.40000
       1914.0000       137.00000
       1916.0000       136.00000
       1918.0000       135.30000
       1920.0000       133.30000
       1922.0000       135.00000
       1924.0000       134.10000
       1926.0000       134.40000
       1928.0000       132.20000
       1930.0000       131.30000
       1932.0000       130.80000
       1934.0000       132.00000
       1936.0000       132.80000
       1938.0000       132.10000
       1940.0000       129.90000
       1942.0000       129.40000
       1944.0000       120.30000
       1946.0000       119.20000
       1948.0000       127.10000
       1950.0000       126.10000
       1952.0000       125.50000
       1954.0000       128.60000
       1956.0000       127.60000
       1958.0000       127.10000
       1960.0000       126.10000
       1962.0000       124.00000
       1964.0000       122.20000
       1966.0000       123.10000
       1968.0000       124.00000
       1970.0000       123.90000
       1972.0000       121.30000
       1974.0000       120.80000
       1976.0000       122.40000
       1978.0000       119.40000
       1980.0000       119.60000
       1982.0000       120.50000
       1984.0000       119.70000
       1986.0000       117.80000
       1988.0000       119.50000
       1990.0000       119.80000
       1992.0000       118.00000
       1994.0000       116.20000
       1996.0000       117.30000
       1998.0000       115.90000
       2000.0000       117.00000
       2002.0000       116.10000
       2004.0000       114.80000
       2006.0000       114.70000
       2008.0000       115.40000
       2010.0000       114.90000
       2012.0000       114.50000
       2014.0000       113.80000
       2016.0000       113.70000
       2018.0000       113.40000
       2020.0000       111.60000
       2022.0000       110.70000
       2024.0000       111.60000
       2026.0000       111.50000
       2028.0000       110.70000
       2030.0000       108.60000
       2032.0000       109.80000
       2034.0000       109.20000
       2036.0000       108.30000
       2038.0000       106.40000
       2040.0000       107.80000
       2042.0000       107.60000
       2044.0000       107.60000
       2046.0000       107.10000
       2048.0000       106.30000
       2050.0000       105.90000
       2052.0000       104.70000
       2054.0000       104.60000
       2056.0000       104.60000
       2058.0000       104.00000
       2060.0000       102.80000
       2062.0000       102.30000
       2064.0000       100.50000
       2066.0000       102.50000
       2068.0000       101.90000
       2070.0000       100.30000
       2072.0000       100.40000
       2074.0000       100.90000
       2076.0000       100.60000
       2078.0000       100.00000
       2080.0000       98.780000
       2082.0000       98.640000
       2084.0000       97.720000
       2086.0000       98.520000
       2088.0000       98.350000
       2090.0000       97.880000
       2092.0000       95.670000
       2094.0000       95.930000
       2096.0000       95.800000
       2098.0000       96.200000
       2100.0000       96.060000
       2102.0000       95.770000
       2104.0000       95.590000
       2106.0000       95.740000
       2108.0000       95.130000
       2110.0000       93.960000
       2112.0000       94.520000
       2114.0000       94.360000
       2116.0000       93.310000
       2118.0000       93.110000
       2120.0000       92.750000
       2122.0000       92.750000
       2124.0000       91.890000
       2126.0000       92.080000
       2128.0000       92.250000
       2130.0000       92.090000
       2132.0000       92.100000
       2134.0000       91.550000
       2136.0000       90.120000
       2138.0000       91.100000
       2140.0000       90.830000
       2142.0000       90.640000
       2144.0000       90.060000
       2146.0000       89.390000
       2148.0000       89.790000
       2150.0000       89.570000
       2152.0000       89.130000
       2154.0000       88.780000
       2156.0000       88.740000
       2158.0000       88.420000
       2160.0000       87.810000
       2162.0000       86.860000
       2164.0000       84.560000
       2166.0000       78.490000
       2168.0000       83.000000
       2170.0000       85.570000
       2172.0000       85.910000
       2174.0000       85.920000
       2176.0000       85.320000
       2178.0000       84.250000
       2180.0000       84.970000
       2182.0000       84.250000
       2184.0000       84.570000
       2186.0000       84.650000
       2188.0000       82.770000
       2190.0000       83.040000
       2192.0000       83.770000
       2194.0000       83.490000
       2196.0000       83.180000
       2198.0000       82.990000
       2200.0000       82.650000
       2202.0000       82.300000
       2204.0000       82.110000
       2206.0000       79.660000
       2208.0000       79.660000
       2210.0000       80.800000
       2212.0000       81.050000
       2214.0000       80.720000
       2216.0000       79.940000
       2218.0000       79.700000
       2220.0000       79.970000
       2222.0000       79.620000
       2224.0000       79.260000
       2226.0000       78.110000
       2228.0000       78.260000
       2230.0000       78.310000
       2232.0000       78.150000
       2234.0000       78.020000
       2236.0000       77.580000
       2238.0000       76.480000
       2240.0000       76.390000
       2242.0000       76.420000
       2244.0000       76.240000
       2246.0000       76.120000
       2248.0000       75.200000
       2250.0000       75.410000
       2252.0000       75.120000
       2254.0000       74.020000
       2256.0000       74.220000
       2258.0000       74.410000
       2260.0000       74.210000
       2262.0000       72.990000
       2264.0000       73.290000
       2266.0000       73.150000
       2268.0000       73.270000
       2270.0000       72.970000
       2272.0000       72.770000
       2274.0000       72.520000
       2276.0000       72.390000
       2278.0000       72.420000
       2280.0000       71.650000
       2282.0000       70.070000
       2284.0000       71.250000
       2286.0000       71.240000
       2288.0000       71.270000
       2290.0000       71.100000
       2292.0000       70.670000
       2294.0000       69.200000
       2296.0000       69.080000
       2298.0000       69.190000
       2300.0000       69.530000
       2302.0000       69.550000
       2304.0000       69.310000
       2306.0000       69.230000
       2308.0000       69.010000
       2310.0000       68.700000
       2312.0000       68.670000
       2314.0000       68.260000
       2316.0000       67.790000
       2318.0000       67.450000
       2320.0000       67.680000
       2322.0000       66.750000
       2324.0000       65.360000
       2326.0000       65.590000
       2328.0000       66.290000
       2330.0000       66.160000
       2332.0000       65.840000
       2334.0000       65.710000
       2336.0000       65.360000
       2338.0000       64.960000
       2340.0000       65.200000
       2342.0000       65.390000
       2344.0000       65.090000
       2346.0000       64.860000
       2348.0000       64.720000
       2350.0000       64.530000
       2352.0000       62.890000
       2354.0000       62.390000
       2356.0000       62.820000
       2358.0000       62.660000
       2360.0000       63.080000
       2362.0000       63.050000
       2364.0000       62.950000
       2366.0000       62.840000
       2368.0000       62.630000
       2370.0000       62.110000
       2372.0000       62.070000
       2374.0000       60.660000
       2376.0000       61.640000
       2378.0000       61.920000
       2380.0000       61.720000
       2382.0000       60.980000
       2384.0000       58.850000
       2386.0000       59.080000
       2388.0000       60.040000
       2390.0000       60.290000
       2392.0000       60.080000
       2394.0000       60.030000
       2396.0000       59.960000
       2398.0000       59.890000
       2400.0000       59.440000
       2402.0000       59.650000
       2404.0000       59.450000
       2406.0000       59.190000
       2408.0000       59.150000
       2410.0000       59.020000
       2412.0000       58.940000
       2414.0000       57.340000
       2416.0000       55.990000
       2418.0000       57.480000
       2420.0000       57.700000
       2422.0000       57.670000
       2424.0000       57.260000
       2426.0000       57.170000
       2428.0000       57.120000
       2430.0000       57.120000
       2432.0000       57.020000
       2434.0000       56.410000
       2436.0000       56.180000
       2438.0000       55.990000
       2440.0000       56.390000
       2442.0000       56.170000
       2444.0000       56.030000
       2446.0000       54.980000
       2448.0000       54.570000
       2450.0000       54.620000
       2452.0000       54.320000
       2454.0000       54.550000
       2456.0000       53.700000
       2458.0000       53.920000
       2460.0000       54.570000
       2462.0000       54.420000
       2464.0000       54.350000
       2466.0000       54.050000
       2468.0000       53.900000
       2470.0000       52.850000
       2472.0000       53.300000
       2474.0000       53.130000
       2476.0000       53.430000
       2478.0000       53.030000
       2480.0000       51.770000
       2482.0000       51.400000
       2484.0000       52.190000
       2486.0000       51.600000
       2488.0000       51.690000
       2490.0000       52.250000
       2492.0000       51.980000
       2494.0000       51.750000
       2496.0000       51.520000
       2498.0000       51.540000
       2500.0000       51.550000
       2520.0000       49.840000
       2540.0000       48.140000
       2560.0000       46.720000
       2580.0000       45.500000
       2600.0000       44.570000
       2620.0000       43.050000
       2640.0000       42.110000
       2660.0000       40.790000
       2680.0000       39.680000
       2700.0000       38.670000
       2720.0000       37.630000
       2740.0000       36.630000
       2760.0000       35.460000
       2780.0000       34.680000
       2800.0000       33.850000
       2820.0000       32.970000
       2840.0000       32.090000
       2860.0000       31.190000
       2880.0000       30.320000
       2900.0000       29.690000
       2920.0000       28.900000
       2940.0000       28.170000
       2960.0000       27.500000
       2980.0000       26.820000
       3000.0000       26.120000
       3020.0000       25.470000
       3040.0000       24.650000
       3060.0000       24.220000
       3080.0000       23.640000
       3100.0000       23.060000
       3120.0000       22.460000
       3140.0000       21.980000
       3160.0000       21.440000
       3180.0000       20.960000
       3200.0000       20.480000
       3220.0000       20.000000
       3240.0000       19.510000
       3260.0000       19.070000
       3280.0000       18.580000
       3300.0000       18.020000
       3320.0000       17.680000
       3340.0000       17.370000
       3360.0000       16.970000
       3380.0000       16.590000
       3400.0000       16.150000
       3420.0000       15.840000
       3440.0000       15.540000
       3460.0000       15.200000
       3480.0000       14.860000
       3500.0000       14.560000
       3520.0000       14.250000
       3540.0000       13.930000
       3560.0000       13.620000
       3580.0000       13.340000
       3600.0000       13.070000
       3620.0000       12.810000
       3640.0000       12.510000
       3660.0000       12.220000
       3680.0000       11.930000
       3700.0000       11.620000
       3720.0000       11.450000
       3740.0000       11.080000
       3760.0000       10.960000
       3780.0000       10.780000
       3800.0000       10.570000
       3820.0000       10.380000
       3840.0000       10.190000
       3860.0000       9.9830000
       3880.0000       9.7820000
       3900.0000       9.5990000
       3920.0000       9.4270000
       3940.0000       9.2330000
       3960.0000       9.0320000
       3980.0000       8.8570000
       4000.0000       8.6690000
       4020.0000       8.5570000
       4040.0000       8.3850000
       4060.0000       8.2170000
       4080.0000       8.0540000
       4100.0000       7.8940000
       4120.0000       7.7390000
       4140.0000       7.5870000
       4160.0000       7.4390000
       4180.0000       7.2940000
       4200.0000       7.1530000
       4220.0000       7.0150000
       4240.0000       6.8810000
       4260.0000       6.7490000
       4280.0000       6.6210000
       4300.0000       6.4960000
       4320.0000       6.3740000
       4340.0000       6.2540000
       4360.0000       6.1380000
       4380.0000       6.0240000
       4400.0000       5.9130000
       4420.0000       5.8040000
       4440.0000       5.6980000
       4460.0000       5.5940000
       4480.0000       5.4920000
       4500.0000       5.3930000
       4520.0000       5.2960000
       4540.0000       5.2010000
       4560.0000       5.1080000
       4580.0000       5.0180000
       4600.0000       4.9290000
       4620.0000       4.8420000
       4640.0000       4.7570000
       4660.0000       4.6740000
       4680.0000       4.5930000
       4700.0000       4.5140000
       4720.0000       4.4360000
       4740.0000       4.3600000
       4760.0000       4.2850000
       4780.0000       4.2120000
       4800.0000       4.1410000
       4820.0000       4.0710000
       4840.0000       4.0030000
       4860.0000       3.9360000
       4880.0000       3.8700000
       4900.0000       3.8060000
       4920.0000       3.7430000
       4940.0000       3.6810000
       4960.0000       3.6210000
       4980.0000       3.5620000
       5000.0000       3.5040000
       5050.0000       3.3940000
       5100.0000       3.2670000
       5150.0000       3.1460000
       5200.0000       3.0300000
       5250.0000       2.9200000
       5300.0000       2.8150000
       5350.0000       2.7150000
       5400.0000       2.6190000
       5450.0000       2.5270000
       5500.0000       2.4390000
       5550.0000       2.3550000
       5600.0000       2.2750000
       5650.0000       2.1980000
       5700.0000       2.1240000
       5750.0000       2.0540000
       5800.0000       1.9860000
       5850.0000       1.9210000
       5900.0000       1.8590000
       5950.0000       1.7990000
       6000.0000       1.7420000
       6050.0000       1.6870000
       6100.0000       1.6340000
       6150.0000       1.5830000
       6200.0000       1.5340000
       6250.0000       1.4870000
       6300.0000       1.4420000
       6350.0000       1.3990000
       6400.0000       1.3570000
       6450.0000       1.3170000
       6500.0000       1.2780000
       6550.0000       1.2400000
       6600.0000       1.2040000
       6650.0000       1.1700000
       6700.0000       1.1360000
       6750.0000       1.1040000
       6800.0000       1.0730000
       6850.0000       1.0430000
       6900.0000       1.0140000
       6950.0000      0.98620000
       7000.0000      0.95920000
       7050.0000      0.93310000
       7100.0000      0.90800000
       7150.0000      0.88360000
       7200.0000      0.86010000
       7250.0000      0.83740000
       7300.0000      0.81540000
       7350.0000      0.79420000
       7400.0000      0.77360000
       7450.0000      0.75370000
       7500.0000      0.73440000
       7550.0000      0.71580000
       7600.0000      0.69770000
       7650.0000      0.68020000
       7700.0000      0.66330000
       7750.0000      0.64690000
       7800.0000      0.63100000
       7850.0000      0.61560000
       7900.0000      0.60060000
       7950.0000      0.58620000
       8000.0000      0.57210000
       8050.0000      0.55850000
       8100.0000      0.54530000
       8150.0000      0.53240000
       8200.0000      0.52000000
       8250.0000      0.50790000
       8300.0000      0.49610000
       8350.0000      0.48470000
       8400.0000      0.47370000
       8450.0000      0.46290000
       8500.0000      0.45250000
       8550.0000      0.44230000
       8600.0000      0.43240000
       8650.0000      0.42280000
       8700.0000      0.41350000
       8750.0000      0.40440000
       8800.0000      0.39560000
       8850.0000      0.38700000
       8900.0000      0.37870000
       8950.0000      0.37060000
       9000.0000      0.36270000
       9050.0000      0.35500000
       9100.0000      0.34750000
       9150.0000      0.34020000
       9200.0000      0.33310000
       9250.0000      0.32620000
       9300.0000      0.31950000
       9350.0000      0.31290000
       9400.0000      0.30650000
       9450.0000      0.30030000
       9500.0000      0.29420000
       9550.0000      0.28830000
       9600.0000      0.28250000
       9650.0000      0.27690000
       9700.0000      0.27140000
       9750.0000      0.26610000
       9800.0000      0.26080000
       9850.0000      0.25580000
       9900.0000      0.25080000
       9950.0000      0.24600000
       10000.000      0.24120000
       11000.000      0.16350000
       12000.000      0.11520000
       13000.000     0.083410000
       14000.000     0.061880000
       15000.000     0.046860000
       16000.000     0.036130000
       17000.000     0.028300000
       18000.000     0.022470000
       19000.000     0.018070000
       20000.000     0.014700000
       25000.000    0.0060540000
       30000.000    0.0029280000
       35000.000    0.0015840000
       40000.000   0.00093070000
       50000.000   0.00038260000
       60000.000   0.00018500000
       80000.000   5.8820000e-05
       100000.00   2.4180000e-05
       120000.00   1.1690000e-05
       150000.00   4.8070000e-06
       200000.00   1.5280000e-06
       250000.00   6.2750000e-07
       300000.00   2.9500000e-07
       400000.00   1.0140000e-07
       1000000.0   3.3840000e-09
