 2700 lines : Rocket XP#3 (Lyman-alpha), SURF BL-2 May 2003
 2 columns : Wavelength_nm  Sensitivity_e/ph
      115.000  4.47631e-05
      115.100  5.42657e-05
      115.200  6.46727e-05
      115.300  7.59825e-05
      115.400  8.81910e-05
      115.500  0.000101296
      115.600  0.000113431
      115.700  0.000126241
      115.800  0.000139724
      115.900  0.000153877
      116.000  0.000168699
      116.100  0.000184188
      116.200  0.000200343
      116.300  0.000217163
      116.400  0.000234642
      116.500  0.000252782
      116.600  0.000269441
      116.700  0.000286616
      116.800  0.000304307
      116.900  0.000322509
      117.000  0.000341222
      117.100  0.000360445
      117.200  0.000380177
      117.300  0.000400417
      117.400  0.000421161
      117.500  0.000442409
      117.600  0.000460089
      117.700  0.000478329
      117.800  0.000496935
      117.900  0.000515906
      118.000  0.000535244
      118.100  0.000554950
      118.200  0.000575023
      118.300  0.000595466
      118.400  0.000616277
      118.500  0.000637458
      118.600  0.000653539
      118.700  0.000669829
      118.800  0.000686330
      118.900  0.000703041
      119.000  0.000719963
      119.100  0.000737095
      119.200  0.000754439
      119.300  0.000771996
      119.400  0.000789764
      119.500  0.000807744
      119.600  0.000811828
      119.700  0.000815925
      119.800  0.000820034
      119.900  0.000824155
      120.000  0.000828289
      120.100  0.000832435
      120.200  0.000836593
      120.300  0.000840764
      120.400  0.000844947
      120.500  0.000849143
      120.600  0.000842595
      120.700  0.000836069
      120.800  0.000828862
      120.900  0.000821604
      121.000  0.000814381
      121.100  0.000807191
      121.200  0.000800037
      121.300  0.000792916
      121.400  0.000785829
      121.500  0.000778777
      121.600  0.000762922
      121.700  0.000747235
      121.800  0.000731715
      121.900  0.000716365
      122.000  0.000701183
      122.100  0.000686169
      122.200  0.000671322
      122.300  0.000656642
      122.400  0.000642130
      122.500  0.000627786
      122.600  0.000609090
      122.700  0.000590683
      122.800  0.000572563
      122.900  0.000554734
      123.000  0.000537193
      123.100  0.000519939
      123.200  0.000502974
      123.300  0.000486294
      123.400  0.000469903
      123.500  0.000453798
      123.600  0.000436539
      123.700  0.000419620
      123.800  0.000403041
      123.900  0.000386803
      124.000  0.000370904
      124.100  0.000355345
      124.200  0.000340124
      124.300  0.000325241
      124.400  0.000310696
      124.500  0.000296490
      124.600  0.000286199
      124.700  0.000276094
      124.800  0.000266173
      124.900  0.000256438
      125.000  0.000246887
      125.100  0.000237521
      125.200  0.000228340
      125.300  0.000219342
      125.400  0.000210529
      125.500  0.000201899
      125.600  0.000195807
      125.700  0.000189810
      125.800  0.000183908
      125.900  0.000178102
      126.000  0.000172390
      126.100  0.000166774
      126.200  0.000161253
      126.300  0.000155827
      126.400  0.000150496
      126.500  0.000145259
      126.600  0.000140234
      126.700  0.000135299
      126.800  0.000130454
      126.900  0.000125699
      127.000  0.000121035
      127.100  0.000116460
      127.200  0.000111975
      127.300  0.000107579
      127.400  0.000103273
      127.500  9.90566e-05
      127.600  9.48427e-05
      127.700  9.07219e-05
      127.800  8.66937e-05
      127.900  8.27587e-05
      128.000  7.89165e-05
      128.100  7.51667e-05
      128.200  7.15101e-05
      128.300  6.79454e-05
      128.400  6.44736e-05
      128.500  6.10935e-05
      128.600  5.89969e-05
      128.700  5.69380e-05
      128.800  5.49161e-05
      128.900  5.29317e-05
      129.000  5.09843e-05
      129.100  4.90741e-05
      129.200  4.72013e-05
      129.300  4.53653e-05
      129.400  4.35667e-05
      129.500  4.18048e-05
      129.600  4.05167e-05
      129.700  3.92495e-05
      129.800  3.80026e-05
      129.900  3.67765e-05
      130.000  3.55707e-05
      130.100  3.43855e-05
      130.200  3.32209e-05
      130.300  3.20767e-05
      130.400  3.09531e-05
      130.500  2.98498e-05
      130.600  2.87818e-05
      130.700  2.77338e-05
      130.800  2.67055e-05
      130.900  2.56971e-05
      131.000  2.47083e-05
      131.100  2.37393e-05
      131.200  2.27902e-05
      131.300  2.18606e-05
      131.400  2.09508e-05
      131.500  2.00606e-05
      131.600  1.94112e-05
      131.700  1.87729e-05
      131.800  1.81454e-05
      131.900  1.75288e-05
      132.000  1.69231e-05
      132.100  1.63282e-05
      132.200  1.57442e-05
      132.300  1.51711e-05
      132.400  1.46088e-05
      132.500  1.40573e-05
      132.600  1.37185e-05
      132.700  1.33839e-05
      132.800  1.30536e-05
      132.900  1.27276e-05
      133.000  1.24058e-05
      133.100  1.20882e-05
      133.200  1.17749e-05
      133.300  1.14658e-05
      133.400  1.11610e-05
      133.500  1.08603e-05
      133.600  1.06186e-05
      133.700  1.03796e-05
      133.800  1.01435e-05
      133.900  9.91020e-06
      134.000  9.67966e-06
      134.100  9.45192e-06
      134.200  9.22700e-06
      134.300  9.00485e-06
      134.400  8.78551e-06
      134.500  8.56893e-06
      134.600  8.40221e-06
      134.700  8.23722e-06
      134.800  8.07389e-06
      134.900  7.91229e-06
      135.000  7.75236e-06
      135.100  7.59411e-06
      135.200  7.43758e-06
      135.300  7.28272e-06
      135.400  7.12956e-06
      135.500  6.97806e-06
      135.600  6.83876e-06
      135.700  6.70094e-06
      135.800  6.56455e-06
      135.900  6.42964e-06
      136.000  6.29615e-06
      136.100  6.16411e-06
      136.200  6.03354e-06
      136.300  5.90440e-06
      136.400  5.77672e-06
      136.500  5.65046e-06
      136.600  5.53576e-06
      136.700  5.42229e-06
      136.800  5.31002e-06
      136.900  5.19899e-06
      137.000  5.08915e-06
      137.100  4.98053e-06
      137.200  4.87313e-06
      137.300  4.76693e-06
      137.400  4.66195e-06
      137.500  4.55817e-06
      137.600  4.46563e-06
      137.700  4.37410e-06
      137.800  4.28352e-06
      137.900  4.19395e-06
      138.000  4.10534e-06
      138.100  4.01771e-06
      138.200  3.93107e-06
      138.300  3.84539e-06
      138.400  3.76070e-06
      138.500  3.67698e-06
      138.600  3.60695e-06
      138.700  3.53763e-06
      138.800  3.46900e-06
      138.900  3.40107e-06
      139.000  3.33383e-06
      139.100  3.26729e-06
      139.200  3.20145e-06
      139.300  3.13630e-06
      139.400  3.07185e-06
      139.500  3.00809e-06
      139.600  2.96621e-06
      139.700  2.92464e-06
      139.800  2.88338e-06
      139.900  2.84243e-06
      140.000  2.80178e-06
      140.100  2.76144e-06
      140.200  2.72141e-06
      140.300  2.68169e-06
      140.400  2.64227e-06
      140.500  2.60316e-06
      140.600  2.56691e-06
      140.700  2.53094e-06
      140.800  2.49522e-06
      140.900  2.45978e-06
      141.000  2.42460e-06
      141.100  2.38968e-06
      141.200  2.35504e-06
      141.300  2.32066e-06
      141.400  2.28655e-06
      141.500  2.25270e-06
      141.600  2.22133e-06
      141.700  2.19019e-06
      141.800  2.15928e-06
      141.900  2.12861e-06
      142.000  2.09816e-06
      142.100  2.06795e-06
      142.200  2.03797e-06
      142.300  2.00821e-06
      142.400  1.97869e-06
      142.500  1.94940e-06
      142.600  1.92225e-06
      142.700  1.89530e-06
      142.800  1.86855e-06
      142.900  1.84201e-06
      143.000  1.81566e-06
      143.100  1.78951e-06
      143.200  1.76356e-06
      143.300  1.73781e-06
      143.400  1.71226e-06
      143.500  1.68690e-06
      143.600  1.66398e-06
      143.700  1.64122e-06
      143.800  1.61863e-06
      143.900  1.59620e-06
      144.000  1.57394e-06
      144.100  1.55184e-06
      144.200  1.52991e-06
      144.300  1.50814e-06
      144.400  1.48653e-06
      144.500  1.46509e-06
      144.600  1.44970e-06
      144.700  1.43440e-06
      144.800  1.41919e-06
      144.900  1.40407e-06
      145.000  1.38903e-06
      145.100  1.37407e-06
      145.200  1.35921e-06
      145.300  1.34443e-06
      145.400  1.32974e-06
      145.500  1.31513e-06
      145.600  1.30132e-06
      145.700  1.28758e-06
      145.800  1.27392e-06
      145.900  1.26034e-06
      146.000  1.24684e-06
      146.100  1.23342e-06
      146.200  1.22007e-06
      146.300  1.20680e-06
      146.400  1.19361e-06
      146.500  1.18050e-06
      146.600  1.16810e-06
      146.700  1.15577e-06
      146.800  1.14351e-06
      146.900  1.13132e-06
      147.000  1.11919e-06
      147.100  1.10714e-06
      147.200  1.09516e-06
      147.300  1.08325e-06
      147.400  1.07141e-06
      147.500  1.05964e-06
      147.600  1.04850e-06
      147.700  1.03743e-06
      147.800  1.02642e-06
      147.900  1.01548e-06
      148.000  1.00460e-06
      148.100  9.93778e-07
      148.200  9.83022e-07
      148.300  9.72327e-07
      148.400  9.61696e-07
      148.500  9.51126e-07
      148.600  9.41131e-07
      148.700  9.31194e-07
      148.800  9.21312e-07
      148.900  9.11488e-07
      149.000  9.01719e-07
      149.100  8.92006e-07
      149.200  8.82351e-07
      149.300  8.72750e-07
      149.400  8.63208e-07
      149.500  8.53719e-07
      149.600  8.44746e-07
      149.700  8.35825e-07
      149.800  8.26953e-07
      149.900  8.18134e-07
      150.000  8.09363e-07
      150.100  8.00644e-07
      150.200  7.91976e-07
      150.300  7.83357e-07
      150.400  7.74790e-07
      150.500  7.66272e-07
      150.600  7.58485e-07
      150.700  7.50742e-07
      150.800  7.43040e-07
      150.900  7.35383e-07
      151.000  7.27766e-07
      151.100  7.20193e-07
      151.200  7.12662e-07
      151.300  7.05173e-07
      151.400  6.97728e-07
      151.500  6.90324e-07
      151.600  6.84278e-07
      151.700  6.78261e-07
      151.800  6.72273e-07
      151.900  6.66314e-07
      152.000  6.60383e-07
      152.100  6.54481e-07
      152.200  6.48608e-07
      152.300  6.42764e-07
      152.400  6.36949e-07
      152.500  6.31161e-07
      152.600  6.25632e-07
      152.700  6.20130e-07
      152.800  6.14859e-07
      152.900  6.09657e-07
      153.000  6.04477e-07
      153.100  5.99319e-07
      153.200  5.94183e-07
      153.300  5.89069e-07
      153.400  5.83978e-07
      153.500  5.78908e-07
      153.600  5.74071e-07
      153.700  5.69255e-07
      153.800  5.64459e-07
      153.900  5.59683e-07
      154.000  5.54927e-07
      154.100  5.50192e-07
      154.200  5.45477e-07
      154.300  5.40782e-07
      154.400  5.36108e-07
      154.500  5.31453e-07
      154.600  5.27013e-07
      154.700  5.22592e-07
      154.800  5.18189e-07
      154.900  5.13806e-07
      155.000  5.09440e-07
      155.100  5.05093e-07
      155.200  5.00765e-07
      155.300  4.96455e-07
      155.400  4.92165e-07
      155.500  4.87892e-07
      155.600  4.83815e-07
      155.700  4.79756e-07
      155.800  4.75714e-07
      155.900  4.71689e-07
      156.000  4.67680e-07
      156.100  4.63689e-07
      156.200  4.59715e-07
      156.300  4.55758e-07
      156.400  4.51818e-07
      156.500  4.47896e-07
      156.600  4.44153e-07
      156.700  4.40427e-07
      156.800  4.36716e-07
      156.900  4.33021e-07
      157.000  4.29342e-07
      157.100  4.25678e-07
      157.200  4.22030e-07
      157.300  4.18398e-07
      157.400  4.14782e-07
      157.500  4.11181e-07
      157.600  4.08111e-07
      157.700  4.05053e-07
      157.800  4.02007e-07
      157.900  3.98972e-07
      158.000  3.95949e-07
      158.100  3.92936e-07
      158.200  3.89936e-07
      158.300  3.86947e-07
      158.400  3.83970e-07
      158.500  3.81004e-07
      158.600  3.79533e-07
      158.700  3.78064e-07
      158.800  3.76599e-07
      158.900  3.75136e-07
      159.000  3.73676e-07
      159.100  3.72219e-07
      159.200  3.70765e-07
      159.300  3.69314e-07
      159.400  3.67866e-07
      159.500  3.66420e-07
      159.600  3.65005e-07
      159.700  3.63594e-07
      159.800  3.62184e-07
      159.900  3.60778e-07
      160.000  3.59375e-07
      160.100  3.57974e-07
      160.200  3.56576e-07
      160.300  3.55180e-07
      160.400  3.53788e-07
      160.500  3.52398e-07
      160.600  3.51037e-07
      160.700  3.49679e-07
      160.800  3.48324e-07
      160.900  3.46971e-07
      161.000  3.45621e-07
      161.100  3.44273e-07
      161.200  3.42929e-07
      161.300  3.41586e-07
      161.400  3.40247e-07
      161.500  3.38910e-07
      161.600  3.37601e-07
      161.700  3.36295e-07
      161.800  3.34991e-07
      161.900  3.33690e-07
      162.000  3.32391e-07
      162.100  3.31095e-07
      162.200  3.29801e-07
      162.300  3.28510e-07
      162.400  3.27222e-07
      162.500  3.25936e-07
      162.600  3.24677e-07
      162.700  3.23421e-07
      162.800  3.22167e-07
      162.900  3.20916e-07
      163.000  3.19668e-07
      163.100  3.18421e-07
      163.200  3.17178e-07
      163.300  3.15936e-07
      163.400  3.14697e-07
      163.500  3.13461e-07
      163.600  3.12250e-07
      163.700  3.11042e-07
      163.800  3.09837e-07
      163.900  3.08633e-07
      164.000  3.07432e-07
      164.100  3.06234e-07
      164.200  3.05037e-07
      164.300  3.03843e-07
      164.400  3.02652e-07
      164.500  3.01463e-07
      164.600  3.00299e-07
      164.700  2.99137e-07
      164.800  2.97977e-07
      164.900  2.96820e-07
      165.000  2.95665e-07
      165.100  2.94512e-07
      165.200  2.93362e-07
      165.300  2.92214e-07
      165.400  2.91068e-07
      165.500  2.89924e-07
      165.600  2.88805e-07
      165.700  2.87687e-07
      165.800  2.86572e-07
      165.900  2.85459e-07
      166.000  2.84349e-07
      166.100  2.83240e-07
      166.200  2.82134e-07
      166.300  2.81029e-07
      166.400  2.79928e-07
      166.500  2.78828e-07
      166.600  2.77751e-07
      166.700  2.76676e-07
      166.800  2.75603e-07
      166.900  2.74533e-07
      167.000  2.73464e-07
      167.100  2.72398e-07
      167.200  2.71334e-07
      167.300  2.70271e-07
      167.400  2.69211e-07
      167.500  2.68153e-07
      167.600  2.67118e-07
      167.700  2.66085e-07
      167.800  2.65054e-07
      167.900  2.64025e-07
      168.000  2.62998e-07
      168.100  2.61973e-07
      168.200  2.60950e-07
      168.300  2.59929e-07
      168.400  2.58910e-07
      168.500  2.57892e-07
      168.600  2.56896e-07
      168.700  2.55902e-07
      168.800  2.54910e-07
      168.900  2.53920e-07
      169.000  2.52932e-07
      169.100  2.51945e-07
      169.200  2.50961e-07
      169.300  2.49978e-07
      169.400  2.48998e-07
      169.500  2.48019e-07
      169.600  2.47061e-07
      169.700  2.46106e-07
      169.800  2.45152e-07
      169.900  2.44201e-07
      170.000  2.43251e-07
      170.100  2.42302e-07
      170.200  2.41356e-07
      170.300  2.40412e-07
      170.400  2.39469e-07
      170.500  2.38528e-07
      170.600  2.37311e-07
      170.700  2.36096e-07
      170.800  2.34885e-07
      170.900  2.33677e-07
      171.000  2.32471e-07
      171.100  2.31269e-07
      171.200  2.30070e-07
      171.300  2.28874e-07
      171.400  2.27682e-07
      171.500  2.26492e-07
      171.600  2.25305e-07
      171.700  2.24121e-07
      171.800  2.22940e-07
      171.900  2.21762e-07
      172.000  2.20587e-07
      172.100  2.19416e-07
      172.200  2.18247e-07
      172.300  2.17082e-07
      172.400  2.15920e-07
      172.500  2.14761e-07
      172.600  2.13635e-07
      172.700  2.12512e-07
      172.800  2.11392e-07
      172.900  2.10275e-07
      173.000  2.09161e-07
      173.100  2.08050e-07
      173.200  2.06942e-07
      173.300  2.05837e-07
      173.400  2.04735e-07
      173.500  2.03635e-07
      173.600  2.02568e-07
      173.700  2.01504e-07
      173.800  2.00442e-07
      173.900  1.99383e-07
      174.000  1.98327e-07
      174.100  1.97274e-07
      174.200  1.96224e-07
      174.300  1.95176e-07
      174.400  1.94131e-07
      174.500  1.93089e-07
      174.600  1.92077e-07
      174.700  1.91068e-07
      174.800  1.90061e-07
      174.900  1.89057e-07
      175.000  1.88055e-07
      175.100  1.87056e-07
      175.200  1.86060e-07
      175.300  1.85067e-07
      175.400  1.84076e-07
      175.500  1.83088e-07
      175.600  1.82128e-07
      175.700  1.81170e-07
      175.800  1.80216e-07
      175.900  1.79263e-07
      176.000  1.78314e-07
      176.100  1.77366e-07
      176.200  1.76422e-07
      176.300  1.75480e-07
      176.400  1.74540e-07
      176.500  1.73603e-07
      176.600  1.72693e-07
      176.700  1.71786e-07
      176.800  1.70880e-07
      176.900  1.69978e-07
      177.000  1.69077e-07
      177.100  1.68180e-07
      177.200  1.67284e-07
      177.300  1.66391e-07
      177.400  1.65500e-07
      177.500  1.64612e-07
      177.600  1.63749e-07
      177.700  1.62888e-07
      177.800  1.62030e-07
      177.900  1.61174e-07
      178.000  1.60320e-07
      178.100  1.59468e-07
      178.200  1.58619e-07
      178.300  1.57771e-07
      178.400  1.56927e-07
      178.500  1.56084e-07
      178.600  1.55266e-07
      178.700  1.54450e-07
      178.800  1.53637e-07
      178.900  1.52825e-07
      179.000  1.52016e-07
      179.100  1.51208e-07
      179.200  1.50403e-07
      179.300  1.49600e-07
      179.400  1.48800e-07
      179.500  1.48001e-07
      179.600  1.47225e-07
      179.700  1.46451e-07
      179.800  1.45680e-07
      179.900  1.44910e-07
      180.000  1.44142e-07
      180.100  1.43377e-07
      180.200  1.42613e-07
      180.300  1.41852e-07
      180.400  1.41092e-07
      180.500  1.40335e-07
      180.600  1.39640e-07
      180.700  1.38947e-07
      180.800  1.38256e-07
      180.900  1.37567e-07
      181.000  1.36880e-07
      181.100  1.36194e-07
      181.200  1.35509e-07
      181.300  1.34827e-07
      181.400  1.34146e-07
      181.500  1.33467e-07
      181.600  1.32866e-07
      181.700  1.32266e-07
      181.800  1.31667e-07
      181.900  1.31069e-07
      182.000  1.30473e-07
      182.100  1.29879e-07
      182.200  1.29285e-07
      182.300  1.28693e-07
      182.400  1.28102e-07
      182.500  1.27513e-07
      182.600  1.26938e-07
      182.700  1.26365e-07
      182.800  1.25793e-07
      182.900  1.25222e-07
      183.000  1.24652e-07
      183.100  1.24084e-07
      183.200  1.23517e-07
      183.300  1.22951e-07
      183.400  1.22386e-07
      183.500  1.21823e-07
      183.600  1.21274e-07
      183.700  1.20726e-07
      183.800  1.20180e-07
      183.900  1.19634e-07
      184.000  1.19090e-07
      184.100  1.18547e-07
      184.200  1.18005e-07
      184.300  1.17465e-07
      184.400  1.16926e-07
      184.500  1.16388e-07
      184.600  1.15863e-07
      184.700  1.15340e-07
      184.800  1.14818e-07
      184.900  1.14297e-07
      185.000  1.13777e-07
      185.100  1.13258e-07
      185.200  1.12740e-07
      185.300  1.12224e-07
      185.400  1.11709e-07
      185.500  1.11195e-07
      185.600  1.10694e-07
      185.700  1.10194e-07
      185.800  1.09695e-07
      185.900  1.09197e-07
      186.000  1.08700e-07
      186.100  1.08205e-07
      186.200  1.07710e-07
      186.300  1.07217e-07
      186.400  1.06725e-07
      186.500  1.06234e-07
      186.600  1.05755e-07
      186.700  1.05277e-07
      186.800  1.04801e-07
      186.900  1.04325e-07
      187.000  1.03850e-07
      187.100  1.03377e-07
      187.200  1.02905e-07
      187.300  1.02433e-07
      187.400  1.01963e-07
      187.500  1.01494e-07
      187.600  1.01037e-07
      187.700  1.00580e-07
      187.800  1.00125e-07
      187.900  9.96703e-08
      188.000  9.92169e-08
      188.100  9.87646e-08
      188.200  9.83133e-08
      188.300  9.78630e-08
      188.400  9.74139e-08
      188.500  9.69656e-08
      188.600  9.65285e-08
      188.700  9.60924e-08
      188.800  9.56574e-08
      188.900  9.52233e-08
      189.000  9.47902e-08
      189.100  9.43580e-08
      189.200  9.39268e-08
      189.300  9.34967e-08
      189.400  9.30676e-08
      189.500  9.26394e-08
      189.600  9.22218e-08
      189.700  9.18051e-08
      189.800  9.13895e-08
      189.900  9.09748e-08
      190.000  9.05610e-08
      190.100  9.01481e-08
      190.200  8.97361e-08
      190.300  8.93252e-08
      190.400  8.89152e-08
      190.500  8.85061e-08
      190.600  8.81072e-08
      190.700  8.77091e-08
      190.800  8.73120e-08
      190.900  8.69158e-08
      191.000  8.65204e-08
      191.100  8.61260e-08
      191.200  8.57324e-08
      191.300  8.53398e-08
      191.400  8.49481e-08
      191.500  8.45573e-08
      191.600  8.39380e-08
      191.700  8.33211e-08
      191.800  8.27066e-08
      191.900  8.20943e-08
      192.000  8.14842e-08
      192.100  8.08764e-08
      192.200  8.02708e-08
      192.300  7.96676e-08
      192.400  7.90667e-08
      192.500  7.84680e-08
      192.600  7.78691e-08
      192.700  7.72725e-08
      192.800  7.66783e-08
      192.900  7.60863e-08
      193.000  7.54966e-08
      193.100  7.49092e-08
      193.200  7.43240e-08
      193.300  7.37413e-08
      193.400  7.31608e-08
      193.500  7.25826e-08
      193.600  7.20286e-08
      193.700  7.14767e-08
      193.800  7.09270e-08
      193.900  7.03794e-08
      194.000  6.98339e-08
      194.100  6.92905e-08
      194.200  6.87492e-08
      194.300  6.82101e-08
      194.400  6.76731e-08
      194.500  6.71382e-08
      194.600  6.66258e-08
      194.700  6.61153e-08
      194.800  6.56069e-08
      194.900  6.51004e-08
      195.000  6.45959e-08
      195.100  6.40932e-08
      195.200  6.35926e-08
      195.300  6.30940e-08
      195.400  6.25973e-08
      195.500  6.21026e-08
      195.600  6.16285e-08
      195.700  6.11563e-08
      195.800  6.06860e-08
      195.900  6.02175e-08
      196.000  5.97508e-08
      196.100  5.92858e-08
      196.200  5.88227e-08
      196.300  5.83615e-08
      196.400  5.79020e-08
      196.500  5.74444e-08
      196.600  5.70059e-08
      196.700  5.65691e-08
      196.800  5.61341e-08
      196.900  5.57007e-08
      197.000  5.52690e-08
      197.100  5.48389e-08
      197.200  5.44106e-08
      197.300  5.39839e-08
      197.400  5.35590e-08
      197.500  5.31356e-08
      197.600  5.27301e-08
      197.700  5.23261e-08
      197.800  5.19237e-08
      197.900  5.15228e-08
      198.000  5.11235e-08
      198.100  5.07257e-08
      198.200  5.03295e-08
      198.300  4.99348e-08
      198.400  4.95418e-08
      198.500  4.91502e-08
      198.600  4.87750e-08
      198.700  4.84013e-08
      198.800  4.80291e-08
      198.900  4.76583e-08
      199.000  4.72889e-08
      199.100  4.69210e-08
      199.200  4.65544e-08
      199.300  4.61894e-08
      199.400  4.58258e-08
      199.500  4.54636e-08
      199.600  4.51393e-08
      199.700  4.48161e-08
      199.800  4.44942e-08
      199.900  4.41734e-08
      200.000  4.38538e-08
      200.100  4.35353e-08
      200.200  4.32180e-08
      200.300  4.29018e-08
      200.400  4.25869e-08
      200.500  4.22730e-08
      200.600  4.20566e-08
      200.700  4.18407e-08
      200.800  4.16254e-08
      200.900  4.14106e-08
      201.000  4.11964e-08
      201.100  4.09828e-08
      201.200  4.07696e-08
      201.300  4.05571e-08
      201.400  4.03452e-08
      201.500  4.01337e-08
      201.600  3.99282e-08
      201.700  3.97232e-08
      201.800  3.95188e-08
      201.900  3.93149e-08
      202.000  3.91115e-08
      202.100  3.89087e-08
      202.200  3.87063e-08
      202.300  3.85045e-08
      202.400  3.83033e-08
      202.500  3.81025e-08
      202.600  3.79074e-08
      202.700  3.77128e-08
      202.800  3.75188e-08
      202.900  3.73252e-08
      203.000  3.71321e-08
      203.100  3.69395e-08
      203.200  3.67474e-08
      203.300  3.65559e-08
      203.400  3.63648e-08
      203.500  3.61742e-08
      203.600  3.59890e-08
      203.700  3.58042e-08
      203.800  3.56200e-08
      203.900  3.54362e-08
      204.000  3.52529e-08
      204.100  3.50700e-08
      204.200  3.48876e-08
      204.300  3.47058e-08
      204.400  3.45244e-08
      204.500  3.43434e-08
      204.600  3.41676e-08
      204.700  3.39922e-08
      204.800  3.38172e-08
      204.900  3.36428e-08
      205.000  3.34687e-08
      205.100  3.32951e-08
      205.200  3.31220e-08
      205.300  3.29493e-08
      205.400  3.27771e-08
      205.500  3.26053e-08
      205.600  3.24384e-08
      205.700  3.22719e-08
      205.800  3.21058e-08
      205.900  3.19402e-08
      206.000  3.17749e-08
      206.100  3.16101e-08
      206.200  3.14458e-08
      206.300  3.12818e-08
      206.400  3.11184e-08
      206.500  3.09553e-08
      206.600  3.07968e-08
      206.700  3.06387e-08
      206.800  3.04810e-08
      206.900  3.03237e-08
      207.000  3.01669e-08
      207.100  3.00104e-08
      207.200  2.98543e-08
      207.300  2.96987e-08
      207.400  2.95435e-08
      207.500  2.93886e-08
      207.600  2.92381e-08
      207.700  2.90880e-08
      207.800  2.89384e-08
      207.900  2.87891e-08
      208.000  2.86401e-08
      208.100  2.84916e-08
      208.200  2.83434e-08
      208.300  2.81956e-08
      208.400  2.80483e-08
      208.500  2.79013e-08
      208.600  2.77584e-08
      208.700  2.76159e-08
      208.800  2.74738e-08
      208.900  2.73320e-08
      209.000  2.71906e-08
      209.100  2.70496e-08
      209.200  2.69089e-08
      209.300  2.67687e-08
      209.400  2.66288e-08
      209.500  2.64892e-08
      209.600  2.63536e-08
      209.700  2.62183e-08
      209.800  2.60834e-08
      209.900  2.59488e-08
      210.000  2.58146e-08
      210.100  2.56807e-08
      210.200  2.55471e-08
      210.300  2.54140e-08
      210.400  2.52811e-08
      210.500  2.51486e-08
      210.600  2.50199e-08
      210.700  2.48914e-08
      210.800  2.47633e-08
      210.900  2.46356e-08
      211.000  2.45081e-08
      211.100  2.43810e-08
      211.200  2.42542e-08
      211.300  2.41278e-08
      211.400  2.40017e-08
      211.500  2.38759e-08
      211.600  2.37536e-08
      211.700  2.36317e-08
      211.800  2.35101e-08
      211.900  2.33888e-08
      212.000  2.32678e-08
      212.100  2.31471e-08
      212.200  2.30267e-08
      212.300  2.29067e-08
      212.400  2.27869e-08
      212.500  2.26675e-08
      212.600  2.25265e-08
      212.700  2.23859e-08
      212.800  2.22457e-08
      212.900  2.21060e-08
      213.000  2.19667e-08
      213.100  2.18279e-08
      213.200  2.16895e-08
      213.300  2.15515e-08
      213.400  2.14140e-08
      213.500  2.12769e-08
      213.600  2.11419e-08
      213.700  2.10074e-08
      213.800  2.08732e-08
      213.900  2.07395e-08
      214.000  2.06063e-08
      214.100  2.04734e-08
      214.200  2.03410e-08
      214.300  2.02090e-08
      214.400  2.00775e-08
      214.500  1.99463e-08
      214.600  1.98198e-08
      214.700  1.96936e-08
      214.800  1.95679e-08
      214.900  1.94426e-08
      215.000  1.93176e-08
      215.100  1.91931e-08
      215.200  1.90689e-08
      215.300  1.89452e-08
      215.400  1.88219e-08
      215.500  1.86990e-08
      215.600  1.85803e-08
      215.700  1.84621e-08
      215.800  1.83442e-08
      215.900  1.82267e-08
      216.000  1.81096e-08
      216.100  1.79929e-08
      216.200  1.78765e-08
      216.300  1.77605e-08
      216.400  1.76449e-08
      216.500  1.75297e-08
      216.600  1.74185e-08
      216.700  1.73076e-08
      216.800  1.71971e-08
      216.900  1.70869e-08
      217.000  1.69771e-08
      217.100  1.68677e-08
      217.200  1.67586e-08
      217.300  1.66498e-08
      217.400  1.65415e-08
      217.500  1.64334e-08
      217.600  1.63291e-08
      217.700  1.62252e-08
      217.800  1.61216e-08
      217.900  1.60184e-08
      218.000  1.59154e-08
      218.100  1.58128e-08
      218.200  1.57106e-08
      218.300  1.56086e-08
      218.400  1.55070e-08
      218.500  1.54058e-08
      218.600  1.53080e-08
      218.700  1.52106e-08
      218.800  1.51135e-08
      218.900  1.50167e-08
      219.000  1.49202e-08
      219.100  1.48240e-08
      219.200  1.47281e-08
      219.300  1.46326e-08
      219.400  1.45373e-08
      219.500  1.44424e-08
      219.600  1.43508e-08
      219.700  1.42594e-08
      219.800  1.41684e-08
      219.900  1.40776e-08
      220.000  1.39872e-08
      220.100  1.38970e-08
      220.200  1.38071e-08
      220.300  1.37175e-08
      220.400  1.36282e-08
      220.500  1.35392e-08
      220.600  1.34533e-08
      220.700  1.33677e-08
      220.800  1.32823e-08
      220.900  1.31973e-08
      221.000  1.31125e-08
      221.100  1.30279e-08
      221.200  1.29436e-08
      221.300  1.28597e-08
      221.400  1.27760e-08
      221.500  1.26925e-08
      221.600  1.26120e-08
      221.700  1.25317e-08
      221.800  1.24517e-08
      221.900  1.23720e-08
      222.000  1.22925e-08
      222.100  1.22132e-08
      222.200  1.21342e-08
      222.300  1.20555e-08
      222.400  1.19770e-08
      222.500  1.18988e-08
      222.600  1.18289e-08
      222.700  1.17593e-08
      222.800  1.16898e-08
      222.900  1.16206e-08
      223.000  1.15515e-08
      223.100  1.14827e-08
      223.200  1.14141e-08
      223.300  1.13456e-08
      223.400  1.12774e-08
      223.500  1.12094e-08
      223.600  1.11516e-08
      223.700  1.10939e-08
      223.800  1.10363e-08
      223.900  1.09789e-08
      224.000  1.09217e-08
      224.100  1.08646e-08
      224.200  1.08076e-08
      224.300  1.07508e-08
      224.400  1.06942e-08
      224.500  1.06377e-08
      224.600  1.05828e-08
      224.700  1.05280e-08
      224.800  1.04734e-08
      224.900  1.04190e-08
      225.000  1.03646e-08
      225.100  1.03105e-08
      225.200  1.02564e-08
      225.300  1.02025e-08
      225.400  1.01488e-08
      225.500  1.00952e-08
      225.600  1.00431e-08
      225.700  9.99111e-09
      225.800  9.93929e-09
      225.900  9.88761e-09
      226.000  9.83605e-09
      226.100  9.78463e-09
      226.200  9.73334e-09
      226.300  9.68220e-09
      226.400  9.63119e-09
      226.500  9.58031e-09
      226.600  9.53087e-09
      226.700  9.48156e-09
      226.800  9.43238e-09
      226.900  9.38333e-09
      227.000  9.33440e-09
      227.100  9.28560e-09
      227.200  9.23693e-09
      227.300  9.18839e-09
      227.400  9.13998e-09
      227.500  9.09170e-09
      227.600  9.04477e-09
      227.700  8.99798e-09
      227.800  8.95131e-09
      227.900  8.90476e-09
      228.000  8.85832e-09
      228.100  8.81201e-09
      228.200  8.76582e-09
      228.300  8.71975e-09
      228.400  8.67381e-09
      228.500  8.62798e-09
      228.600  8.58346e-09
      228.700  8.53905e-09
      228.800  8.49477e-09
      228.900  8.45059e-09
      229.000  8.40653e-09
      229.100  8.36258e-09
      229.200  8.31875e-09
      229.300  8.27504e-09
      229.400  8.23144e-09
      229.500  8.18796e-09
      229.600  8.14570e-09
      229.700  8.10355e-09
      229.800  8.06151e-09
      229.900  8.01959e-09
      230.000  7.97777e-09
      230.100  7.93606e-09
      230.200  7.89445e-09
      230.300  7.85297e-09
      230.400  7.81159e-09
      230.500  7.77031e-09
      230.600  7.73021e-09
      230.700  7.69022e-09
      230.800  7.65033e-09
      230.900  7.61055e-09
      231.000  7.57087e-09
      231.100  7.53128e-09
      231.200  7.49181e-09
      231.300  7.45244e-09
      231.400  7.41318e-09
      231.500  7.37401e-09
      231.600  7.33596e-09
      231.700  7.29801e-09
      231.800  7.26017e-09
      231.900  7.22242e-09
      232.000  7.18477e-09
      232.100  7.14721e-09
      232.200  7.10975e-09
      232.300  7.07240e-09
      232.400  7.03514e-09
      232.500  6.99798e-09
      232.600  6.96187e-09
      232.700  6.92584e-09
      232.800  6.88992e-09
      232.900  6.85408e-09
      233.000  6.81834e-09
      233.100  6.78269e-09
      233.200  6.74713e-09
      233.300  6.71168e-09
      233.400  6.67631e-09
      233.500  6.64104e-09
      233.600  6.60676e-09
      233.700  6.57258e-09
      233.800  6.53849e-09
      233.900  6.50449e-09
      234.000  6.47057e-09
      234.100  6.43674e-09
      234.200  6.40300e-09
      234.300  6.36935e-09
      234.400  6.33580e-09
      234.500  6.30232e-09
      234.600  6.27032e-09
      234.700  6.23839e-09
      234.800  6.20656e-09
      234.900  6.17480e-09
      235.000  6.14312e-09
      235.100  6.11152e-09
      235.200  6.08001e-09
      235.300  6.04858e-09
      235.400  6.01723e-09
      235.500  5.98596e-09
      235.600  5.95753e-09
      235.700  5.92916e-09
      235.800  5.90087e-09
      235.900  5.87265e-09
      236.000  5.84448e-09
      236.100  5.81639e-09
      236.200  5.78836e-09
      236.300  5.76041e-09
      236.400  5.73252e-09
      236.500  5.70470e-09
      236.600  5.67760e-09
      236.700  5.65057e-09
      236.800  5.62360e-09
      236.900  5.59670e-09
      237.000  5.56986e-09
      237.100  5.54309e-09
      237.200  5.51638e-09
      237.300  5.48973e-09
      237.400  5.46316e-09
      237.500  5.43664e-09
      237.600  5.41082e-09
      237.700  5.38506e-09
      237.800  5.35936e-09
      237.900  5.33373e-09
      238.000  5.30815e-09
      238.100  5.28264e-09
      238.200  5.25718e-09
      238.300  5.23179e-09
      238.400  5.20647e-09
      238.500  5.18120e-09
      238.600  5.15659e-09
      238.700  5.13203e-09
      238.800  5.10754e-09
      238.900  5.08311e-09
      239.000  5.05873e-09
      239.100  5.03442e-09
      239.200  5.01016e-09
      239.300  4.98596e-09
      239.400  4.96182e-09
      239.500  4.93773e-09
      239.600  4.91428e-09
      239.700  4.89088e-09
      239.800  4.86754e-09
      239.900  4.84426e-09
      240.000  4.82103e-09
      240.100  4.79785e-09
      240.200  4.77474e-09
      240.300  4.75168e-09
      240.400  4.72867e-09
      240.500  4.70572e-09
      240.600  4.68337e-09
      240.700  4.66107e-09
      240.800  4.63883e-09
      240.900  4.61664e-09
      241.000  4.59450e-09
      241.100  4.57241e-09
      241.200  4.55038e-09
      241.300  4.52840e-09
      241.400  4.50648e-09
      241.500  4.48460e-09
      241.600  4.46330e-09
      241.700  4.44205e-09
      241.800  4.42085e-09
      241.900  4.39970e-09
      242.000  4.37860e-09
      242.100  4.35755e-09
      242.200  4.33655e-09
      242.300  4.31560e-09
      242.400  4.29471e-09
      242.500  4.27386e-09
      242.600  4.25356e-09
      242.700  4.23331e-09
      242.800  4.21312e-09
      242.900  4.19297e-09
      243.000  4.17286e-09
      243.100  4.15281e-09
      243.200  4.13280e-09
      243.300  4.11284e-09
      243.400  4.09293e-09
      243.500  4.07307e-09
      243.600  4.05372e-09
      243.700  4.03442e-09
      243.800  4.01517e-09
      243.900  3.99595e-09
      244.000  3.97679e-09
      244.100  3.95767e-09
      244.200  3.93860e-09
      244.300  3.91958e-09
      244.400  3.90060e-09
      244.500  3.88166e-09
      244.600  3.86323e-09
      244.700  3.84483e-09
      244.800  3.82648e-09
      244.900  3.80817e-09
      245.000  3.78991e-09
      245.100  3.77169e-09
      245.200  3.75352e-09
      245.300  3.73539e-09
      245.400  3.71730e-09
      245.500  3.69926e-09
      245.600  3.68169e-09
      245.700  3.66416e-09
      245.800  3.64668e-09
      245.900  3.62923e-09
      246.000  3.61183e-09
      246.100  3.59447e-09
      246.200  3.57716e-09
      246.300  3.55988e-09
      246.400  3.54264e-09
      246.500  3.52545e-09
      246.600  3.50871e-09
      246.700  3.49201e-09
      246.800  3.47534e-09
      246.900  3.45872e-09
      247.000  3.44214e-09
      247.100  3.42559e-09
      247.200  3.40909e-09
      247.300  3.39262e-09
      247.400  3.37620e-09
      247.500  3.35981e-09
      247.600  3.34385e-09
      247.700  3.32793e-09
      247.800  3.31205e-09
      247.900  3.29620e-09
      248.000  3.28040e-09
      248.100  3.26463e-09
      248.200  3.24890e-09
      248.300  3.23320e-09
      248.400  3.21755e-09
      248.500  3.20193e-09
      248.600  3.18687e-09
      248.700  3.17184e-09
      248.800  3.15685e-09
      248.900  3.14189e-09
      249.000  3.12697e-09
      249.100  3.11208e-09
      249.200  3.09723e-09
      249.300  3.08242e-09
      249.400  3.06764e-09
      249.500  3.05290e-09
      249.600  3.03979e-09
      249.700  3.02671e-09
      249.800  3.01365e-09
      249.900  3.00063e-09
      250.000  2.98763e-09
      250.100  2.97466e-09
      250.200  2.96172e-09
      250.300  2.94881e-09
      250.400  2.93593e-09
      250.500  2.92307e-09
      250.600  2.91052e-09
      250.700  2.89800e-09
      250.800  2.88550e-09
      250.900  2.87303e-09
      251.000  2.86058e-09
      251.100  2.84816e-09
      251.200  2.83578e-09
      251.300  2.82341e-09
      251.400  2.81108e-09
      251.500  2.79877e-09
      251.600  2.78675e-09
      251.700  2.77476e-09
      251.800  2.76280e-09
      251.900  2.75086e-09
      252.000  2.73895e-09
      252.100  2.72706e-09
      252.200  2.71520e-09
      252.300  2.70336e-09
      252.400  2.69155e-09
      252.500  2.67977e-09
      252.600  2.66826e-09
      252.700  2.65678e-09
      252.800  2.64532e-09
      252.900  2.63388e-09
      253.000  2.62247e-09
      253.100  2.61109e-09
      253.200  2.59973e-09
      253.300  2.58839e-09
      253.400  2.57708e-09
      253.500  2.56580e-09
      253.600  2.55478e-09
      253.700  2.54380e-09
      253.800  2.53283e-09
      253.900  2.52189e-09
      254.000  2.51097e-09
      254.100  2.50007e-09
      254.200  2.48920e-09
      254.300  2.47835e-09
      254.400  2.46753e-09
      254.500  2.45673e-09
      254.600  2.44618e-09
      254.700  2.43565e-09
      254.800  2.42515e-09
      254.900  2.41467e-09
      255.000  2.40421e-09
      255.100  2.39378e-09
      255.200  2.38336e-09
      255.300  2.37297e-09
      255.400  2.36261e-09
      255.500  2.35226e-09
      255.600  2.34216e-09
      255.700  2.33208e-09
      255.800  2.32202e-09
      255.900  2.31198e-09
      256.000  2.30197e-09
      256.100  2.29197e-09
      256.200  2.28200e-09
      256.300  2.27205e-09
      256.400  2.26212e-09
      256.500  2.25222e-09
      256.600  2.24255e-09
      256.700  2.23290e-09
      256.800  2.22327e-09
      256.900  2.21366e-09
      257.000  2.20407e-09
      257.100  2.19451e-09
      257.200  2.18496e-09
      257.300  2.17544e-09
      257.400  2.16593e-09
      257.500  2.15645e-09
      257.600  2.14719e-09
      257.700  2.13796e-09
      257.800  2.12874e-09
      257.900  2.11954e-09
      258.000  2.11036e-09
      258.100  2.10120e-09
      258.200  2.09206e-09
      258.300  2.08295e-09
      258.400  2.07384e-09
      258.500  2.06477e-09
      258.600  2.05590e-09
      258.700  2.04705e-09
      258.800  2.03823e-09
      258.900  2.02941e-09
      259.000  2.02063e-09
      259.100  2.01185e-09
      259.200  2.00310e-09
      259.300  1.99437e-09
      259.400  1.98566e-09
      259.500  1.97696e-09
      259.600  1.96847e-09
      259.700  1.96000e-09
      259.800  1.95155e-09
      259.900  1.94311e-09
      260.000  1.93470e-09
      260.100  1.92630e-09
      260.200  1.91792e-09
      260.300  1.90956e-09
      260.400  1.90121e-09
      260.500  1.89289e-09
      260.600  1.88476e-09
      260.700  1.87665e-09
      260.800  1.86855e-09
      260.900  1.86047e-09
      261.000  1.85242e-09
      261.100  1.84438e-09
      261.200  1.83635e-09
      261.300  1.82835e-09
      261.400  1.82036e-09
      261.500  1.81239e-09
      261.600  1.80460e-09
      261.700  1.79684e-09
      261.800  1.78909e-09
      261.900  1.78136e-09
      262.000  1.77364e-09
      262.100  1.76594e-09
      262.200  1.75826e-09
      262.300  1.75060e-09
      262.400  1.74295e-09
      262.500  1.73532e-09
      262.600  1.72787e-09
      262.700  1.72044e-09
      262.800  1.71302e-09
      262.900  1.70562e-09
      263.000  1.69823e-09
      263.100  1.69086e-09
      263.200  1.68351e-09
      263.300  1.67617e-09
      263.400  1.66885e-09
      263.500  1.66154e-09
      263.600  1.65441e-09
      263.700  1.64729e-09
      263.800  1.64019e-09
      263.900  1.63310e-09
      264.000  1.62603e-09
      264.100  1.61897e-09
      264.200  1.61193e-09
      264.300  1.60491e-09
      264.400  1.59789e-09
      264.500  1.59090e-09
      264.600  1.58407e-09
      264.700  1.57725e-09
      264.800  1.57044e-09
      264.900  1.56365e-09
      265.000  1.55688e-09
      265.100  1.55012e-09
      265.200  1.54337e-09
      265.300  1.53664e-09
      265.400  1.52993e-09
      265.500  1.52323e-09
      265.600  1.51669e-09
      265.700  1.51016e-09
      265.800  1.50365e-09
      265.900  1.49715e-09
      266.000  1.49067e-09
      266.100  1.48420e-09
      266.200  1.47774e-09
      266.300  1.47130e-09
      266.400  1.46487e-09
      266.500  1.45846e-09
      266.600  1.45220e-09
      266.700  1.44595e-09
      266.800  1.43972e-09
      266.900  1.43349e-09
      267.000  1.42729e-09
      267.100  1.42109e-09
      267.200  1.41491e-09
      267.300  1.40875e-09
      267.400  1.40259e-09
      267.500  1.39645e-09
      267.600  1.39045e-09
      267.700  1.38447e-09
      267.800  1.37850e-09
      267.900  1.37254e-09
      268.000  1.36659e-09
      268.100  1.36066e-09
      268.200  1.35474e-09
      268.300  1.34883e-09
      268.400  1.34294e-09
      268.500  1.33706e-09
      268.600  1.33174e-09
      268.700  1.32644e-09
      268.800  1.32115e-09
      268.900  1.31586e-09
      269.000  1.31059e-09
      269.100  1.30533e-09
      269.200  1.30008e-09
      269.300  1.29484e-09
      269.400  1.28961e-09
      269.500  1.28439e-09
      269.600  1.27939e-09
      269.700  1.27440e-09
      269.800  1.26942e-09
      269.900  1.26444e-09
      270.000  1.25948e-09
      270.100  1.25453e-09
      270.200  1.24959e-09
      270.300  1.24466e-09
      270.400  1.23973e-09
      270.500  1.23482e-09
      270.600  1.23001e-09
      270.700  1.22521e-09
      270.800  1.22042e-09
      270.900  1.21564e-09
      271.000  1.21087e-09
      271.100  1.20611e-09
      271.200  1.20135e-09
      271.300  1.19661e-09
      271.400  1.19188e-09
      271.500  1.18715e-09
      271.600  1.18253e-09
      271.700  1.17791e-09
      271.800  1.17331e-09
      271.900  1.16871e-09
      272.000  1.16413e-09
      272.100  1.15955e-09
      272.200  1.15498e-09
      272.300  1.15042e-09
      272.400  1.14587e-09
      272.500  1.14133e-09
      272.600  1.13688e-09
      272.700  1.13245e-09
      272.800  1.12802e-09
      272.900  1.12360e-09
      273.000  1.11919e-09
      273.100  1.11479e-09
      273.200  1.11039e-09
      273.300  1.10601e-09
      273.400  1.10163e-09
      273.500  1.09727e-09
      273.600  1.09299e-09
      273.700  1.08873e-09
      273.800  1.08447e-09
      273.900  1.08022e-09
      274.000  1.07598e-09
      274.100  1.07175e-09
      274.200  1.06753e-09
      274.300  1.06332e-09
      274.400  1.05911e-09
      274.500  1.05491e-09
      274.600  1.05080e-09
      274.700  1.04670e-09
      274.800  1.04261e-09
      274.900  1.03852e-09
      275.000  1.03445e-09
      275.100  1.03038e-09
      275.200  1.02632e-09
      275.300  1.02227e-09
      275.400  1.01822e-09
      275.500  1.01419e-09
      275.600  1.01024e-09
      275.700  1.00630e-09
      275.800  1.00236e-09
      275.900  9.98436e-10
      276.000  9.94518e-10
      276.100  9.90607e-10
      276.200  9.86703e-10
      276.300  9.82808e-10
      276.400  9.78919e-10
      276.500  9.75040e-10
      276.600  9.71242e-10
      276.700  9.67452e-10
      276.800  9.63670e-10
      276.900  9.59894e-10
      277.000  9.56127e-10
      277.100  9.52367e-10
      277.200  9.48614e-10
      277.300  9.44869e-10
      277.400  9.41129e-10
      277.500  9.37400e-10
      277.600  9.33749e-10
      277.700  9.30105e-10
      277.800  9.26469e-10
      277.900  9.22838e-10
      278.000  9.19216e-10
      278.100  9.15601e-10
      278.200  9.11992e-10
      278.300  9.08392e-10
      278.400  9.04797e-10
      278.500  9.01211e-10
      278.600  8.97701e-10
      278.700  8.94198e-10
      278.800  8.90703e-10
      278.900  8.87213e-10
      279.000  8.83732e-10
      279.100  8.80256e-10
      279.200  8.76788e-10
      279.300  8.73327e-10
      279.400  8.69871e-10
      279.500  8.66424e-10
      279.600  8.63049e-10
      279.700  8.59681e-10
      279.800  8.56321e-10
      279.900  8.52965e-10
      280.000  8.49618e-10
      280.100  8.46277e-10
      280.200  8.42942e-10
      280.300  8.39614e-10
      280.400  8.36292e-10
      280.500  8.32977e-10
      280.600  8.29733e-10
      280.700  8.26496e-10
      280.800  8.23265e-10
      280.900  8.20039e-10
      281.000  8.16821e-10
      281.100  8.13609e-10
      281.200  8.10403e-10
      281.300  8.07204e-10
      281.400  8.04010e-10
      281.500  8.00823e-10
      281.600  7.97704e-10
      281.700  7.94591e-10
      281.800  7.91485e-10
      281.900  7.88384e-10
      282.000  7.85290e-10
      282.100  7.82201e-10
      282.200  7.79118e-10
      282.300  7.76043e-10
      282.400  7.72972e-10
      282.500  7.69908e-10
      282.600  7.66910e-10
      282.700  7.63917e-10
      282.800  7.60932e-10
      282.900  7.57950e-10
      283.000  7.54976e-10
      283.100  7.52007e-10
      283.200  7.49043e-10
      283.300  7.46087e-10
      283.400  7.43134e-10
      283.500  7.40190e-10
      283.600  7.37307e-10
      283.700  7.34430e-10
      283.800  7.31559e-10
      283.900  7.28692e-10
      284.000  7.25832e-10
      284.100  7.22978e-10
      284.200  7.20129e-10
      284.300  7.17286e-10
      284.400  7.14447e-10
      284.500  7.11616e-10
      284.600  7.08844e-10
      284.700  7.06078e-10
      284.800  7.03318e-10
      284.900  7.00562e-10
      285.000  6.97813e-10
      285.100  6.95069e-10
      285.200  6.92330e-10
      285.300  6.89597e-10
      285.400  6.86868e-10
      285.500  6.84146e-10
      285.600  6.81481e-10
      285.700  6.78822e-10
      285.800  6.76168e-10
      285.900  6.73518e-10
      286.000  6.70875e-10
      286.100  6.68236e-10
      286.200  6.65603e-10
      286.300  6.62975e-10
      286.400  6.60352e-10
      286.500  6.57734e-10
      286.600  6.55173e-10
      286.700  6.52616e-10
      286.800  6.50066e-10
      286.900  6.47518e-10
      287.000  6.44978e-10
      287.100  6.42441e-10
      287.200  6.39910e-10
      287.300  6.37384e-10
      287.400  6.34862e-10
      287.500  6.32346e-10
      287.600  6.30076e-10
      287.700  6.27809e-10
      287.800  6.25548e-10
      287.900  6.23289e-10
      288.000  6.21036e-10
      288.100  6.18786e-10
      288.200  6.16541e-10
      288.300  6.14300e-10
      288.400  6.12062e-10
      288.500  6.09829e-10
      288.600  6.07825e-10
      288.700  6.05825e-10
      288.800  6.03829e-10
      288.900  6.01835e-10
      289.000  5.99845e-10
      289.100  5.97858e-10
      289.200  5.95875e-10
      289.300  5.93895e-10
      289.400  5.91917e-10
      289.500  5.89944e-10
      289.600  5.88006e-10
      289.700  5.86071e-10
      289.800  5.84140e-10
      289.900  5.82211e-10
      290.000  5.80286e-10
      290.100  5.78364e-10
      290.200  5.76445e-10
      290.300  5.74530e-10
      290.400  5.72617e-10
      290.500  5.70708e-10
      290.600  5.68833e-10
      290.700  5.66961e-10
      290.800  5.65093e-10
      290.900  5.63227e-10
      291.000  5.61366e-10
      291.100  5.59506e-10
      291.200  5.57650e-10
      291.300  5.55797e-10
      291.400  5.53947e-10
      291.500  5.52100e-10
      291.600  5.50286e-10
      291.700  5.48476e-10
      291.800  5.46668e-10
      291.900  5.44863e-10
      292.000  5.43061e-10
      292.100  5.41263e-10
      292.200  5.39467e-10
      292.300  5.37674e-10
      292.400  5.35884e-10
      292.500  5.34097e-10
      292.600  5.32343e-10
      292.700  5.30591e-10
      292.800  5.28843e-10
      292.900  5.27096e-10
      293.000  5.25353e-10
      293.100  5.23613e-10
      293.200  5.21876e-10
      293.300  5.20142e-10
      293.400  5.18410e-10
      293.500  5.16681e-10
      293.600  5.14984e-10
      293.700  5.13290e-10
      293.800  5.11598e-10
      293.900  5.09909e-10
      294.000  5.08223e-10
      294.100  5.06540e-10
      294.200  5.04859e-10
      294.300  5.03182e-10
      294.400  5.01506e-10
      294.500  4.99835e-10
      294.600  4.98193e-10
      294.700  4.96553e-10
      294.800  4.94917e-10
      294.900  4.93283e-10
      295.000  4.91652e-10
      295.100  4.90023e-10
      295.200  4.88398e-10
      295.300  4.86775e-10
      295.400  4.85154e-10
      295.500  4.83537e-10
      295.600  4.81948e-10
      295.700  4.80363e-10
      295.800  4.78780e-10
      295.900  4.77199e-10
      296.000  4.75621e-10
      296.100  4.74046e-10
      296.200  4.72473e-10
      296.300  4.70904e-10
      296.400  4.69336e-10
      296.500  4.67771e-10
      296.600  4.66235e-10
      296.700  4.64700e-10
      296.800  4.63169e-10
      296.900  4.61640e-10
      297.000  4.60113e-10
      297.100  4.58589e-10
      297.200  4.57068e-10
      297.300  4.55549e-10
      297.400  4.54032e-10
      297.500  4.52519e-10
      297.600  4.51032e-10
      297.700  4.49548e-10
      297.800  4.48067e-10
      297.900  4.46587e-10
      298.000  4.45111e-10
      298.100  4.43636e-10
      298.200  4.42165e-10
      298.300  4.40696e-10
      298.400  4.39228e-10
      298.500  4.37764e-10
      298.600  4.36326e-10
      298.700  4.34890e-10
      298.800  4.33457e-10
      298.900  4.32026e-10
      299.000  4.30597e-10
      299.100  4.29171e-10
      299.200  4.27747e-10
      299.300  4.26326e-10
      299.400  4.24906e-10
      299.500  4.23490e-10
      299.600  4.22099e-10
      299.700  4.20710e-10
      299.800  4.19323e-10
      299.900  4.17938e-10
      300.000  4.16557e-10
      300.100  4.15177e-10
      300.200  4.13799e-10
      300.300  4.12424e-10
      300.400  4.11051e-10
      300.500  4.09681e-10
      300.600  4.08335e-10
      300.700  4.06991e-10
      300.800  4.05650e-10
      300.900  4.04311e-10
      301.000  4.02974e-10
      301.100  4.01640e-10
      301.200  4.00307e-10
      301.300  3.98977e-10
      301.400  3.97649e-10
      301.500  3.96323e-10
      301.600  3.95021e-10
      301.700  3.93721e-10
      301.800  3.92424e-10
      301.900  3.91128e-10
      302.000  3.89835e-10
      302.100  3.88543e-10
      302.200  3.87254e-10
      302.300  3.85967e-10
      302.400  3.84682e-10
      302.500  3.83400e-10
      302.600  3.82140e-10
      302.700  3.80883e-10
      302.800  3.79628e-10
      302.900  3.78374e-10
      303.000  3.77124e-10
      303.100  3.75874e-10
      303.200  3.74627e-10
      303.300  3.73383e-10
      303.400  3.72140e-10
      303.500  3.70899e-10
      303.600  3.69681e-10
      303.700  3.68464e-10
      303.800  3.67250e-10
      303.900  3.66037e-10
      304.000  3.64827e-10
      304.100  3.63619e-10
      304.200  3.62413e-10
      304.300  3.61209e-10
      304.400  3.60006e-10
      304.500  3.58806e-10
      304.600  3.57627e-10
      304.700  3.56450e-10
      304.800  3.55276e-10
      304.900  3.54102e-10
      305.000  3.52932e-10
      305.100  3.51763e-10
      305.200  3.50595e-10
      305.300  3.49430e-10
      305.400  3.48267e-10
      305.500  3.47106e-10
      305.600  3.45966e-10
      305.700  3.44827e-10
      305.800  3.43691e-10
      305.900  3.42556e-10
      306.000  3.41424e-10
      306.100  3.40293e-10
      306.200  3.39164e-10
      306.300  3.38037e-10
      306.400  3.36911e-10
      306.500  3.35788e-10
      306.600  3.34754e-10
      306.700  3.33722e-10
      306.800  3.32691e-10
      306.900  3.31661e-10
      307.000  3.30634e-10
      307.100  3.29608e-10
      307.200  3.28583e-10
      307.300  3.27561e-10
      307.400  3.26539e-10
      307.500  3.25520e-10
      307.600  3.24786e-10
      307.700  3.24053e-10
      307.800  3.23321e-10
      307.900  3.22590e-10
      308.000  3.21860e-10
      308.100  3.21130e-10
      308.200  3.20402e-10
      308.300  3.19674e-10
      308.400  3.18947e-10
      308.500  3.18221e-10
      308.600  3.17504e-10
      308.700  3.16787e-10
      308.800  3.16072e-10
      308.900  3.15357e-10
      309.000  3.14644e-10
      309.100  3.13930e-10
      309.200  3.13218e-10
      309.300  3.12507e-10
      309.400  3.11796e-10
      309.500  3.11086e-10
      309.600  3.10385e-10
      309.700  3.09685e-10
      309.800  3.08985e-10
      309.900  3.08286e-10
      310.000  3.07589e-10
      310.100  3.06891e-10
      310.200  3.06195e-10
      310.300  3.05499e-10
      310.400  3.04804e-10
      310.500  3.04111e-10
      310.600  3.03425e-10
      310.700  3.02741e-10
      310.800  3.02057e-10
      310.900  3.01374e-10
      311.000  3.00692e-10
      311.100  3.00010e-10
      311.200  2.99329e-10
      311.300  2.98650e-10
      311.400  2.97970e-10
      311.500  2.97292e-10
      311.600  2.96622e-10
      311.700  2.95953e-10
      311.800  2.95284e-10
      311.900  2.94616e-10
      312.000  2.93949e-10
      312.100  2.93283e-10
      312.200  2.92618e-10
      312.300  2.91953e-10
      312.400  2.91289e-10
      312.500  2.90626e-10
      312.600  2.89971e-10
      312.700  2.89316e-10
      312.800  2.88663e-10
      312.900  2.88010e-10
      313.000  2.87358e-10
      313.100  2.86707e-10
      313.200  2.86056e-10
      313.300  2.85407e-10
      313.400  2.84757e-10
      313.500  2.84109e-10
      313.600  2.83469e-10
      313.700  2.82829e-10
      313.800  2.82191e-10
      313.900  2.81553e-10
      314.000  2.80915e-10
      314.100  2.80279e-10
      314.200  2.79643e-10
      314.300  2.79008e-10
      314.400  2.78373e-10
      314.500  2.77740e-10
      314.600  2.77114e-10
      314.700  2.76488e-10
      314.800  2.75864e-10
      314.900  2.75240e-10
      315.000  2.74617e-10
      315.100  2.73994e-10
      315.200  2.73372e-10
      315.300  2.72752e-10
      315.400  2.72131e-10
      315.500  2.71511e-10
      315.600  2.70900e-10
      315.700  2.70288e-10
      315.800  2.69678e-10
      315.900  2.69068e-10
      316.000  2.68459e-10
      316.100  2.67851e-10
      316.200  2.67243e-10
      316.300  2.66636e-10
      316.400  2.66030e-10
      316.500  2.65424e-10
      316.600  2.64826e-10
      316.700  2.64228e-10
      316.800  2.63632e-10
      316.900  2.63035e-10
      317.000  2.62440e-10
      317.100  2.61845e-10
      317.200  2.61251e-10
      317.300  2.60657e-10
      317.400  2.60064e-10
      317.500  2.59472e-10
      317.600  2.58887e-10
      317.700  2.58303e-10
      317.800  2.57720e-10
      317.900  2.57137e-10
      318.000  2.56555e-10
      318.100  2.55974e-10
      318.200  2.55393e-10
      318.300  2.54813e-10
      318.400  2.54233e-10
      318.500  2.53654e-10
      318.600  2.53083e-10
      318.700  2.52512e-10
      318.800  2.51942e-10
      318.900  2.51372e-10
      319.000  2.50803e-10
      319.100  2.50234e-10
      319.200  2.49667e-10
      319.300  2.49100e-10
      319.400  2.48533e-10
      319.500  2.47967e-10
      319.600  2.47408e-10
      319.700  2.46850e-10
      319.800  2.46292e-10
      319.900  2.45735e-10
      320.000  2.45179e-10
      320.100  2.44623e-10
      320.200  2.44068e-10
      320.300  2.43514e-10
      320.400  2.42959e-10
      320.500  2.42406e-10
      320.600  2.41860e-10
      320.700  2.41314e-10
      320.800  2.40770e-10
      320.900  2.40225e-10
      321.000  2.39681e-10
      321.100  2.39138e-10
      321.200  2.38596e-10
      321.300  2.38054e-10
      321.400  2.37512e-10
      321.500  2.36972e-10
      321.600  2.36438e-10
      321.700  2.35904e-10
      321.800  2.35372e-10
      321.900  2.34839e-10
      322.000  2.34308e-10
      322.100  2.33776e-10
      322.200  2.33246e-10
      322.300  2.32716e-10
      322.400  2.32187e-10
      322.500  2.31658e-10
      322.600  2.31136e-10
      322.700  2.30615e-10
      322.800  2.30094e-10
      322.900  2.29573e-10
      323.000  2.29054e-10
      323.100  2.28534e-10
      323.200  2.28016e-10
      323.300  2.27498e-10
      323.400  2.26980e-10
      323.500  2.26464e-10
      323.600  2.25953e-10
      323.700  2.25444e-10
      323.800  2.24934e-10
      323.900  2.24426e-10
      324.000  2.23918e-10
      324.100  2.23410e-10
      324.200  2.22903e-10
      324.300  2.22397e-10
      324.400  2.21891e-10
      324.500  2.21386e-10
      324.600  2.20887e-10
      324.700  2.20389e-10
      324.800  2.19891e-10
      324.900  2.19394e-10
      325.000  2.18897e-10
      325.100  2.18401e-10
      325.200  2.17905e-10
      325.300  2.17411e-10
      325.400  2.16916e-10
      325.500  2.16422e-10
      325.600  2.15934e-10
      325.700  2.15447e-10
      325.800  2.14961e-10
      325.900  2.14474e-10
      326.000  2.13989e-10
      326.100  2.13504e-10
      326.200  2.13019e-10
      326.300  2.12536e-10
      326.400  2.12052e-10
      326.500  2.11569e-10
      326.600  2.11093e-10
      326.700  2.10616e-10
      326.800  2.10141e-10
      326.900  2.09665e-10
      327.000  2.09191e-10
      327.100  2.08717e-10
      327.200  2.08243e-10
      327.300  2.07770e-10
      327.400  2.07297e-10
      327.500  2.06826e-10
      327.600  2.06359e-10
      327.700  2.05894e-10
      327.800  2.05429e-10
      327.900  2.04964e-10
      328.000  2.04500e-10
      328.100  2.04037e-10
      328.200  2.03574e-10
      328.300  2.03111e-10
      328.400  2.02649e-10
      328.500  2.02188e-10
      328.600  2.01732e-10
      328.700  2.01277e-10
      328.800  2.00823e-10
      328.900  2.00369e-10
      329.000  1.99915e-10
      329.100  1.99462e-10
      329.200  1.99009e-10
      329.300  1.98557e-10
      329.400  1.98106e-10
      329.500  1.97655e-10
      329.600  1.97209e-10
      329.700  1.96765e-10
      329.800  1.96320e-10
      329.900  1.95876e-10
      330.000  1.95433e-10
      330.100  1.94990e-10
      330.200  1.94548e-10
      330.300  1.94106e-10
      330.400  1.93664e-10
      330.500  1.93223e-10
      330.600  1.92788e-10
      330.700  1.92353e-10
      330.800  1.91919e-10
      330.900  1.91484e-10
      331.000  1.91051e-10
      331.100  1.90618e-10
      331.200  1.90185e-10
      331.300  1.89753e-10
      331.400  1.89322e-10
      331.500  1.88891e-10
      331.600  1.88482e-10
      331.700  1.88073e-10
      331.800  1.87664e-10
      331.900  1.87256e-10
      332.000  1.86849e-10
      332.100  1.86442e-10
      332.200  1.86035e-10
      332.300  1.85629e-10
      332.400  1.85224e-10
      332.500  1.84818e-10
      332.600  1.84434e-10
      332.700  1.84050e-10
      332.800  1.83667e-10
      332.900  1.83284e-10
      333.000  1.82901e-10
      333.100  1.82519e-10
      333.200  1.82137e-10
      333.300  1.81755e-10
      333.400  1.81374e-10
      333.500  1.80994e-10
      333.600  1.80617e-10
      333.700  1.80241e-10
      333.800  1.79866e-10
      333.900  1.79491e-10
      334.000  1.79116e-10
      334.100  1.78742e-10
      334.200  1.78368e-10
      334.300  1.77994e-10
      334.400  1.77621e-10
      334.500  1.77248e-10
      334.600  1.76880e-10
      334.700  1.76512e-10
      334.800  1.76144e-10
      334.900  1.75776e-10
      335.000  1.75410e-10
      335.100  1.75043e-10
      335.200  1.74677e-10
      335.300  1.74311e-10
      335.400  1.73945e-10
      335.500  1.73580e-10
      335.600  1.73219e-10
      335.700  1.72859e-10
      335.800  1.72499e-10
      335.900  1.72139e-10
      336.000  1.71779e-10
      336.100  1.71420e-10
      336.200  1.71062e-10
      336.300  1.70703e-10
      336.400  1.70345e-10
      336.500  1.69988e-10
      336.600  1.69635e-10
      336.700  1.69281e-10
      336.800  1.68929e-10
      336.900  1.68576e-10
      337.000  1.68225e-10
      337.100  1.67873e-10
      337.200  1.67522e-10
      337.300  1.67171e-10
      337.400  1.66821e-10
      337.500  1.66471e-10
      337.600  1.66124e-10
      337.700  1.65779e-10
      337.800  1.65433e-10
      337.900  1.65088e-10
      338.000  1.64743e-10
      338.100  1.64399e-10
      338.200  1.64055e-10
      338.300  1.63711e-10
      338.400  1.63368e-10
      338.500  1.63025e-10
      338.600  1.62686e-10
      338.700  1.62348e-10
      338.800  1.62009e-10
      338.900  1.61671e-10
      339.000  1.61334e-10
      339.100  1.60997e-10
      339.200  1.60660e-10
      339.300  1.60324e-10
      339.400  1.59987e-10
      339.500  1.59652e-10
      339.600  1.59320e-10
      339.700  1.58988e-10
      339.800  1.58657e-10
      339.900  1.58326e-10
      340.000  1.57996e-10
      340.100  1.57665e-10
      340.200  1.57335e-10
      340.300  1.57006e-10
      340.400  1.56677e-10
      340.500  1.56348e-10
      340.600  1.56023e-10
      340.700  1.55698e-10
      340.800  1.55374e-10
      340.900  1.55050e-10
      341.000  1.54726e-10
      341.100  1.54402e-10
      341.200  1.54079e-10
      341.300  1.53757e-10
      341.400  1.53434e-10
      341.500  1.53112e-10
      341.600  1.52794e-10
      341.700  1.52476e-10
      341.800  1.52158e-10
      341.900  1.51841e-10
      342.000  1.51524e-10
      342.100  1.51207e-10
      342.200  1.50891e-10
      342.300  1.50575e-10
      342.400  1.50259e-10
      342.500  1.49944e-10
      342.600  1.49632e-10
      342.700  1.49321e-10
      342.800  1.49010e-10
      342.900  1.48699e-10
      343.000  1.48389e-10
      343.100  1.48078e-10
      343.200  1.47769e-10
      343.300  1.47459e-10
      343.400  1.47150e-10
      343.500  1.46841e-10
      343.600  1.46536e-10
      343.700  1.46231e-10
      343.800  1.45926e-10
      343.900  1.45622e-10
      344.000  1.45318e-10
      344.100  1.45014e-10
      344.200  1.44711e-10
      344.300  1.44408e-10
      344.400  1.44105e-10
      344.500  1.43803e-10
      344.600  1.43504e-10
      344.700  1.43205e-10
      344.800  1.42906e-10
      344.900  1.42608e-10
      345.000  1.42311e-10
      345.100  1.42013e-10
      345.200  1.41716e-10
      345.300  1.41419e-10
      345.400  1.41122e-10
      345.500  1.40826e-10
      345.600  1.40533e-10
      345.700  1.40241e-10
      345.800  1.39949e-10
      345.900  1.39657e-10
      346.000  1.39365e-10
      346.100  1.39074e-10
      346.200  1.38783e-10
      346.300  1.38492e-10
      346.400  1.38202e-10
      346.500  1.37912e-10
      346.600  1.37625e-10
      346.700  1.37339e-10
      346.800  1.37053e-10
      346.900  1.36767e-10
      347.000  1.36481e-10
      347.100  1.36196e-10
      347.200  1.35911e-10
      347.300  1.35627e-10
      347.400  1.35342e-10
      347.500  1.35058e-10
      347.600  1.34777e-10
      347.700  1.34497e-10
      347.800  1.34217e-10
      347.900  1.33937e-10
      348.000  1.33657e-10
      348.100  1.33378e-10
      348.200  1.33099e-10
      348.300  1.32820e-10
      348.400  1.32541e-10
      348.500  1.32263e-10
      348.600  1.31988e-10
      348.700  1.31714e-10
      348.800  1.31439e-10
      348.900  1.31165e-10
      349.000  1.30891e-10
      349.100  1.30618e-10
      349.200  1.30344e-10
      349.300  1.30071e-10
      349.400  1.29799e-10
      349.500  1.29526e-10
      349.600  1.29257e-10
      349.700  1.28988e-10
      349.800  1.28719e-10
      349.900  1.28451e-10
      350.000  1.28183e-10
      350.100  1.27915e-10
      350.200  1.27647e-10
      350.300  1.27380e-10
      350.400  1.27113e-10
      350.500  1.26846e-10
      350.600  1.26582e-10
      350.700  1.26319e-10
      350.800  1.26056e-10
      350.900  1.25793e-10
      351.000  1.25530e-10
      351.100  1.25268e-10
      351.200  1.25005e-10
      351.300  1.24744e-10
      351.400  1.24482e-10
      351.500  1.24221e-10
      351.600  1.23962e-10
      351.700  1.23704e-10
      351.800  1.23447e-10
      351.900  1.23189e-10
      352.000  1.22932e-10
      352.100  1.22675e-10
      352.200  1.22418e-10
      352.300  1.22162e-10
      352.400  1.21906e-10
      352.500  1.21650e-10
      352.600  1.21397e-10
      352.700  1.21145e-10
      352.800  1.20892e-10
      352.900  1.20640e-10
      353.000  1.20388e-10
      353.100  1.20137e-10
      353.200  1.19885e-10
      353.300  1.19634e-10
      353.400  1.19383e-10
      353.500  1.19133e-10
      353.600  1.18885e-10
      353.700  1.18638e-10
      353.800  1.18391e-10
      353.900  1.18144e-10
      354.000  1.17897e-10
      354.100  1.17651e-10
      354.200  1.17405e-10
      354.300  1.17159e-10
      354.400  1.16913e-10
      354.500  1.16668e-10
      354.600  1.16441e-10
      354.700  1.16214e-10
      354.800  1.15987e-10
      354.900  1.15761e-10
      355.000  1.15535e-10
      355.100  1.15309e-10
      355.200  1.15083e-10
      355.300  1.14858e-10
      355.400  1.14632e-10
      355.500  1.14407e-10
      355.600  1.14200e-10
      355.700  1.13993e-10
      355.800  1.13786e-10
      355.900  1.13579e-10
      356.000  1.13372e-10
      356.100  1.13166e-10
      356.200  1.12960e-10
      356.300  1.12754e-10
      356.400  1.12548e-10
      356.500  1.12342e-10
      356.600  1.12138e-10
      356.700  1.11935e-10
      356.800  1.11731e-10
      356.900  1.11528e-10
      357.000  1.11325e-10
      357.100  1.11122e-10
      357.200  1.10920e-10
      357.300  1.10717e-10
      357.400  1.10515e-10
      357.500  1.10313e-10
      357.600  1.10113e-10
      357.700  1.09913e-10
      357.800  1.09714e-10
      357.900  1.09514e-10
      358.000  1.09315e-10
      358.100  1.09116e-10
      358.200  1.08917e-10
      358.300  1.08719e-10
      358.400  1.08520e-10
      358.500  1.08322e-10
      358.600  1.08126e-10
      358.700  1.07929e-10
      358.800  1.07733e-10
      358.900  1.07537e-10
      359.000  1.07342e-10
      359.100  1.07146e-10
      359.200  1.06951e-10
      359.300  1.06756e-10
      359.400  1.06561e-10
      359.500  1.06366e-10
      359.600  1.06173e-10
      359.700  1.05980e-10
      359.800  1.05788e-10
      359.900  1.05596e-10
      360.000  1.05404e-10
      360.100  1.05212e-10
      360.200  1.05020e-10
      360.300  1.04828e-10
      360.400  1.04637e-10
      360.500  1.04446e-10
      360.600  1.04256e-10
      360.700  1.04067e-10
      360.800  1.03878e-10
      360.900  1.03689e-10
      361.000  1.03501e-10
      361.100  1.03312e-10
      361.200  1.03124e-10
      361.300  1.02936e-10
      361.400  1.02748e-10
      361.500  1.02560e-10
      361.600  1.02374e-10
      361.700  1.02188e-10
      361.800  1.02003e-10
      361.900  1.01817e-10
      362.000  1.01632e-10
      362.100  1.01447e-10
      362.200  1.01262e-10
      362.300  1.01077e-10
      362.400  1.00893e-10
      362.500  1.00708e-10
      362.600  1.00526e-10
      362.700  1.00343e-10
      362.800  1.00161e-10
      362.900  9.99789e-11
      363.000  9.97970e-11
      363.100  9.96153e-11
      363.200  9.94337e-11
      363.300  9.92523e-11
      363.400  9.90710e-11
      363.500  9.88900e-11
      363.600  9.87107e-11
      363.700  9.85316e-11
      363.800  9.83527e-11
      363.900  9.81738e-11
      364.000  9.79952e-11
      364.100  9.78167e-11
      364.200  9.76384e-11
      364.300  9.74603e-11
      364.400  9.72823e-11
      364.500  9.71045e-11
      364.600  9.69285e-11
      364.700  9.67527e-11
      364.800  9.65770e-11
      364.900  9.64015e-11
      365.000  9.62262e-11
      365.100  9.60510e-11
      365.200  9.58759e-11
      365.300  9.57011e-11
      365.400  9.55263e-11
      365.500  9.53518e-11
      365.600  9.51790e-11
      365.700  9.50062e-11
      365.800  9.48337e-11
      365.900  9.46613e-11
      366.000  9.44891e-11
      366.100  9.43170e-11
      366.200  9.41450e-11
      366.300  9.39733e-11
      366.400  9.38016e-11
      366.500  9.36302e-11
      366.600  9.34605e-11
      366.700  9.32909e-11
      366.800  9.31216e-11
      366.900  9.29522e-11
      367.000  9.27832e-11
      367.100  9.26142e-11
      367.200  9.24454e-11
      367.300  9.22768e-11
      367.400  9.21083e-11
      367.500  9.19400e-11
      367.600  9.17733e-11
      367.700  9.16067e-11
      367.800  9.14404e-11
      367.900  9.12741e-11
      368.000  9.11080e-11
      368.100  9.09421e-11
      368.200  9.07763e-11
      368.300  9.06107e-11
      368.400  9.04452e-11
      368.500  9.02799e-11
      368.600  9.01162e-11
      368.700  8.99526e-11
      368.800  8.97893e-11
      368.900  8.96260e-11
      369.000  8.94629e-11
      369.100  8.92999e-11
      369.200  8.91371e-11
      369.300  8.89745e-11
      369.400  8.88120e-11
      369.500  8.86496e-11
      369.600  8.84890e-11
      369.700  8.83284e-11
      369.800  8.81681e-11
      369.900  8.80078e-11
      370.000  8.78477e-11
      370.100  8.76878e-11
      370.200  8.75280e-11
      370.300  8.73683e-11
      370.400  8.72088e-11
      370.500  8.70495e-11
      370.600  8.68916e-11
      370.700  8.67339e-11
      370.800  8.65764e-11
      370.900  8.64190e-11
      371.000  8.62617e-11
      371.100  8.61046e-11
      371.200  8.59476e-11
      371.300  8.57908e-11
      371.400  8.56342e-11
      371.500  8.54776e-11
      371.600  8.53226e-11
      371.700  8.51678e-11
      371.800  8.50131e-11
      371.900  8.48586e-11
      372.000  8.47042e-11
      372.100  8.45500e-11
      372.200  8.43958e-11
      372.300  8.42419e-11
      372.400  8.40881e-11
      372.500  8.39344e-11
      372.600  8.37913e-11
      372.700  8.36483e-11
      372.800  8.35054e-11
      372.900  8.33627e-11
      373.000  8.32201e-11
      373.100  8.30776e-11
      373.200  8.29352e-11
      373.300  8.27930e-11
      373.400  8.26509e-11
      373.500  8.25088e-11
      373.600  8.23691e-11
      373.700  8.22296e-11
      373.800  8.20901e-11
      373.900  8.19508e-11
      374.000  8.18116e-11
      374.100  8.16725e-11
      374.200  8.15335e-11
      374.300  8.13946e-11
      374.400  8.12559e-11
      374.500  8.11172e-11
      374.600  8.09799e-11
      374.700  8.08427e-11
      374.800  8.07057e-11
      374.900  8.05688e-11
      375.000  8.04319e-11
      375.100  8.02952e-11
      375.200  8.01586e-11
      375.300  8.00221e-11
      375.400  7.98858e-11
      375.500  7.97495e-11
      375.600  7.96144e-11
      375.700  7.94795e-11
      375.800  7.93446e-11
      375.900  7.92100e-11
      376.000  7.90754e-11
      376.100  7.89409e-11
      376.200  7.88065e-11
      376.300  7.86722e-11
      376.400  7.85381e-11
      376.500  7.84041e-11
      376.600  7.82713e-11
      376.700  7.81387e-11
      376.800  7.80062e-11
      376.900  7.78739e-11
      377.000  7.77416e-11
      377.100  7.76094e-11
      377.200  7.74774e-11
      377.300  7.73454e-11
      377.400  7.72136e-11
      377.500  7.70819e-11
      377.600  7.69514e-11
      377.700  7.68209e-11
      377.800  7.66906e-11
      377.900  7.65604e-11
      378.000  7.64303e-11
      378.100  7.63003e-11
      378.200  7.61704e-11
      378.300  7.60407e-11
      378.400  7.59110e-11
      378.500  7.57815e-11
      378.600  7.56531e-11
      378.700  7.55249e-11
      378.800  7.53968e-11
      378.900  7.52688e-11
      379.000  7.51409e-11
      379.100  7.50131e-11
      379.200  7.48855e-11
      379.300  7.47579e-11
      379.400  7.46305e-11
      379.500  7.45031e-11
      379.600  7.43770e-11
      379.700  7.42509e-11
      379.800  7.41250e-11
      379.900  7.39992e-11
      380.000  7.38735e-11
      380.100  7.37479e-11
      380.200  7.36224e-11
      380.300  7.34970e-11
      380.400  7.33717e-11
      380.500  7.32466e-11
      380.600  7.31226e-11
      380.700  7.29987e-11
      380.800  7.28749e-11
      380.900  7.27513e-11
      381.000  7.26277e-11
      381.100  7.25043e-11
      381.200  7.23809e-11
      381.300  7.22577e-11
      381.400  7.21346e-11
      381.500  7.20115e-11
      381.600  7.18896e-11
      381.700  7.17677e-11
      381.800  7.16459e-11
      381.900  7.15243e-11
      382.000  7.14027e-11
      382.100  7.12813e-11
      382.200  7.11599e-11
      382.300  7.10387e-11
      382.400  7.09176e-11
      382.500  7.07965e-11
      382.600  7.06767e-11
      382.700  7.05569e-11
      382.800  7.04372e-11
      382.900  7.03177e-11
      383.000  7.01983e-11
      383.100  7.00789e-11
      383.200  6.99596e-11
      383.300  6.98405e-11
      383.400  6.97215e-11
      383.500  6.96025e-11
      383.600  6.94847e-11
      383.700  6.93669e-11
      383.800  6.92493e-11
      383.900  6.91318e-11
      384.000  6.90143e-11
      384.100  6.88970e-11
      384.200  6.87797e-11
      384.300  6.86626e-11
      384.400  6.85456e-11
      384.500  6.84286e-11
      384.600  6.83128e-11
      384.700  6.81970e-11
      384.800  6.80814e-11
      384.900  6.79659e-11
