;  Henke Model results for SAM filter and Si diode transmission
;  Filter:  C/Al/Ti/SiO (800 Ang/2000 A/3200 A/70 A)
;  Si diode:  5 micron thick assumed (1. - transmission)
;
; 8/10/09:  updated with new Gain (2.47) to match rocket SURF results at different beam energies
;
 301 lines : SAM Filter Transmission - Version 9
 2 columns : wavelength (nm),  transmission
    0.0413233   0.00134165
    0.0424409   0.00145777
    0.0435885   0.00158375
    0.0447674   0.00172049
    0.0459795   0.00186881
    0.0472231   0.00202973
    0.0484997   0.00220423
    0.0498112   0.00239345
    0.0511596   0.00259875
    0.0525430   0.00282136
    0.0539634   0.00306258
    0.0554229   0.00332418
    0.0569218   0.00360781
    0.0584626   0.00391523
    0.0600426   0.00424832
    0.0616674   0.00460930
    0.0633340   0.00500030
    0.0650488   0.00542340
    0.0668086   0.00588105
    0.0686130   0.00637577
    0.0704695   0.00691116
    0.0723743   0.00748983
    0.0743315   0.00811555
    0.0763456   0.00879231
    0.0784074   0.00952297
    0.0805314    0.0103131
    0.0827073    0.0111661
    0.0849459    0.0120874
    0.0872414    0.0130833
    0.0895996    0.0141566
    0.0920273    0.0153173
    0.0945109    0.0165674
    0.0970715    0.0179173
    0.0996944    0.0193719
     0.102395    0.0209417
     0.105166    0.0226335
     0.108007    0.0244555
     0.110925    0.0264168
     0.113933    0.0285308
     0.117008    0.0308035
     0.120173    0.0332486
     0.123427    0.0357008
     0.126763    0.0382903
     0.130192    0.0412942
     0.133712    0.0445150
     0.137329    0.0479730
     0.141043    0.0516784
     0.144859    0.0556502
     0.148777    0.0598995
     0.152800    0.0644467
     0.156934    0.0693081
     0.161178    0.0744979
     0.165538    0.0800344
     0.170015    0.0859373
     0.174613    0.0922214
     0.179337    0.0989012
     0.184186     0.105996
     0.189169     0.113527
     0.194286     0.121498
     0.199540     0.129926
     0.204936     0.138827
     0.210479     0.148210
     0.216171     0.158075
     0.222021     0.168438
     0.228024     0.179292
     0.234193     0.190644
     0.240527     0.202475
     0.247031     0.214787
     0.253715     0.250325
     0.260573     0.266489
     0.267621     0.283395
     0.274860     0.301029
     0.282295     0.319372
     0.289934     0.338382
     0.297776     0.358046
     0.305827     0.378297
     0.314103     0.399089
     0.322595     0.420343
     0.331320     0.441966
     0.340278     0.463884
     0.349487     0.486003
     0.358938     0.508191
     0.368640     0.530277
     0.378615     0.552175
     0.388852     0.573676
     0.399375     0.594656
     0.410171     0.614916
     0.421265     0.634316
     0.432660     0.652663
     0.444369     0.669763
     0.456393     0.685498
     0.468731     0.699652
     0.481399     0.712137
     0.494436     0.722771
     0.507803     0.731486
     0.521540     0.738186
     0.535646     0.742819
     0.550122     0.745316
     0.565015     0.745710
     0.580302     0.744002
     0.595981     0.740244
     0.612107     0.734509
     0.628651     0.726959
     0.645677     0.717617
     0.663118     0.706577
     0.681079     0.213527
     0.699487     0.222076
     0.718417     0.230221
     0.737829     0.237706
     0.757809     0.244710
     0.778266     0.251115
     0.799342     0.316446
     0.820939     0.326737
     0.843161     0.336123
     0.865954     0.344658
     0.889375     0.352283
     0.913425     0.358788
     0.938172     0.364101
     0.963547     0.368062
     0.989622     0.370559
      1.01631     0.371647
      1.04387     0.371136
      1.07203     0.368897
      1.10107     0.364884
      1.13080     0.359062
      1.16142     0.351392
      1.19282     0.341973
      1.22512     0.330265
      1.25825     0.315747
      1.29228     0.302404
      1.32723     0.287710
      1.36313     0.271908
      1.40000     0.255203
      1.43787     0.237795
      1.47677     0.219966
      1.51669     0.201951
      1.55773     0.183924
      1.59986     0.166172
      1.64312     0.149020
      1.68756     0.132473
      1.73322     0.116671
      1.78010     0.102663
      1.82825    0.0900822
      1.87768    0.0773386
      1.92847    0.0654714
      1.98064    0.0551347
      2.03420    0.0461009
      2.08922    0.0381099
      2.14574    0.0311248
      2.20375    0.0387361
      2.26338    0.0317781
      2.32458    0.0260718
      2.38748    0.0208734
      2.45204    0.0164927
      2.51833    0.0128499
      2.58648   0.00986290
      2.65642   0.00745394
      2.72827     0.277693
      2.80209     0.256298
      2.87787     0.235710
      2.95568     0.216054
      3.03565     0.196987
      3.11772     0.178624
      3.20204     0.161114
      3.28868     0.143453
      3.37765     0.126952
      3.46895     0.111339
      3.56277    0.0970610
      3.65920    0.0842126
      3.75815    0.0724300
      3.85983    0.0617139
      3.96425    0.0520642
      4.07140    0.0434777
      4.18154    0.0359162
      4.29467    0.0293215
      4.41080    0.0524471
      4.53007    0.0437803
      4.65266    0.0363694
      4.77837    0.0305486
      4.90776    0.0256095
      5.04046    0.0213391
      5.17685    0.0176279
      5.31672    0.0143302
      5.46051    0.0114464
      5.60823   0.00893467
      5.75988   0.00682546
      5.91573   0.00517437
      6.07577   0.00386115
      6.24000   0.00284885
      6.40904   0.00211085
      6.58224   0.00154463
      6.76028   0.00111135
      6.94315  0.000796188
      7.13086  0.000614307
      7.32380  0.000478135
      7.52199  0.000369779
      7.72543  0.000284893
      7.93408  0.000221935
      8.14895  0.000171941
      8.36900  0.000134918
      8.59590  0.000106556
      8.82789  8.37044e-05
      9.06677  6.57870e-05
      9.31195  5.15730e-05
      9.56411  4.03005e-05
      9.82252  3.13522e-05
      10.0887  2.65979e-05
      10.3611  2.44712e-05
      10.6412  2.23352e-05
      10.9292  2.02089e-05
      11.2251  1.81939e-05
      11.5289  1.68365e-05
      11.8405  1.55583e-05
      12.1611  1.45512e-05
      12.4894  1.37004e-05
      12.8272  1.33688e-05
      13.1741  1.30932e-05
      13.5304  1.29195e-05
      13.8964  1.26934e-05
      14.2722  1.27020e-05
      14.6583  1.48398e-05
      15.0548  1.68447e-05
      15.4620  1.86216e-05
      15.8802  1.98351e-05
      16.3097  1.92709e-05
      16.7509  1.78645e-05
      17.2040  0.000319542
      17.6691  0.000186613
      18.1471  0.000103754
      18.6379  4.02158e-05
      19.1421  1.14969e-05
      19.6597  2.79237e-06
      20.1915  4.91623e-07
      20.7377  6.05030e-08
      21.2985  6.24785e-09
      21.8746  5.68765e-10
      22.4661  3.76939e-11
      23.0741  2.00406e-12
      23.6982  7.68914e-14
      24.3389  2.16806e-15
      24.9975  2.47937e-16
      25.6736  4.84817e-17
      26.3676  1.41959e-17
      27.0807  9.26507e-18
      27.8134  1.04444e-17
      28.5658  2.28760e-17
      29.3385  1.35143e-16
      30.1315  1.09945e-15
      30.9469  8.10243e-15
      31.7839  5.61376e-14
      32.6434  3.33697e-13
      33.5262  1.43606e-12
      34.4332  4.92148e-12
      35.3644  1.37875e-11
      36.3208  2.55503e-11
      37.3033  4.48062e-11
      38.3120  3.62397e-11
      39.3481  2.75247e-11
      40.4127  1.34694e-11
      41.5060  3.95573e-12
      42.6292  1.11749e-12
      43.7809  3.04321e-13
      44.9655  7.78771e-14
      46.1816  2.77280e-14
      47.4308  1.34893e-14
      48.7131  6.51742e-15
      50.0323  4.60434e-15
      51.3844  4.36473e-15
      52.7734  4.03192e-15
      54.2016  3.83714e-15
      55.6668  6.68638e-15
      57.1738  1.34129e-14
      58.7202  2.52728e-14
      60.3084  4.21921e-14
      61.9385  6.60644e-14
      63.6135  8.73085e-14
      65.3368  8.74447e-14
      67.1015  8.35271e-14
      68.9182  6.90177e-14
      70.7793  5.90512e-14
      72.6969  4.67920e-14
      74.6627  2.99319e-14
      76.6809  1.75251e-14
      78.7561  1.04084e-14
      80.8834  3.89584e-15
      83.0731  2.44788e-16
      85.3200  2.05534e-18
      87.6299  1.87293e-19
      89.9964  4.39860e-20
      92.4322  1.10384e-20
      94.9307  3.76504e-21
      97.4990  1.24267e-21
      100.137  4.32756e-22
      102.846  1.58912e-22
      105.623  5.57703e-23
      108.479  1.81695e-23
      111.414  5.30012e-24
      114.427  9.03188e-25
      117.529  1.25328e-25
      120.711  1.51109e-26
      123.970  1.59045e-27
