;  Henke Model results for SAM filter and Si diode transmission
;  Filter:  C/Al/Ti/SiO (700 Ang/1850 A/3000 A/70 A)
;  Si diode:  5 micron thick assumed (1. - transmission)
;
; 7/15/09:  updated C and Al thickness to match better rocket SURF result at different beam energies
;
 301 lines : SAM Filter Transmission - Version 3
 2 columns : wavelength (Angstroms),  transmission
     0.413233   0.00134171
     0.424409   0.00145784
     0.435885   0.00158384
     0.447674   0.00172059
     0.459795   0.00186893
     0.472231   0.00202986
     0.484997   0.00220439
     0.498112   0.00239364
     0.511596   0.00259897
     0.525430   0.00282162
     0.539634   0.00306288
     0.554229   0.00332454
     0.569218   0.00360823
     0.584626   0.00391572
     0.600426   0.00424889
     0.616674   0.00460998
     0.633340   0.00500109
     0.650488   0.00542433
     0.668086   0.00588215
     0.686130   0.00637705
     0.704695   0.00691266
     0.723743   0.00749159
     0.743315   0.00811761
     0.763456   0.00879473
     0.784074   0.00952581
     0.805314    0.0103165
     0.827073    0.0111700
     0.849459    0.0120919
     0.872414    0.0130886
     0.895996    0.0141628
     0.920273    0.0153245
     0.945109    0.0165758
     0.970715    0.0179272
     0.996944    0.0193834
      1.02395    0.0209552
      1.05166    0.0226492
      1.08007    0.0244738
      1.10925    0.0264382
      1.13933    0.0285556
      1.17008    0.0308324
      1.20173    0.0332822
      1.23427    0.0357401
      1.26763    0.0383361
      1.30192    0.0413474
      1.33712    0.0445767
      1.37329    0.0480447
      1.41043    0.0517616
      1.44859    0.0557467
      1.48777    0.0600112
      1.52800    0.0645761
      1.56934    0.0694579
      1.61178    0.0746711
      1.65538    0.0802345
      1.70015    0.0861683
      1.74613    0.0924877
      1.79337    0.0992082
      1.84186     0.106350
      1.89169     0.113934
      1.94286     0.121965
      1.99540     0.130461
      2.04936     0.139441
      2.10479     0.148912
      2.16171     0.158878
      2.22021     0.169355
      2.28024     0.180337
      2.34193     0.191833
      2.40527     0.203826
      2.47031     0.216319
      2.53715     0.250735
      2.60573     0.266959
      2.67621     0.283934
      2.74860     0.301646
      2.82295     0.320077
      2.89934     0.339187
      2.97776     0.358964
      3.05827     0.379342
      3.14103     0.400276
      3.22595     0.421690
      3.31320     0.443490
      3.40278     0.465607
      3.49487     0.487947
      3.58938     0.510379
      3.68640     0.532735
      3.78615     0.554929
      3.88852     0.576755
      3.99375     0.598090
      4.10171     0.618737
      4.21265     0.638556
      4.32660     0.657355
      4.44369     0.674942
      4.56393     0.691197
      4.68731     0.705906
      4.81399     0.718979
      4.94436     0.730234
      5.07803     0.739602
      5.21540     0.746985
      5.35646     0.752330
      5.50122     0.755565
      5.65015     0.756721
      5.80302     0.755795
      5.95981     0.752838
      6.12107     0.747914
      6.28651     0.741177
      6.45677     0.732664
      6.63118     0.722461
      6.81079     0.218674
      6.99487     0.227815
      7.18417     0.236598
      7.37829     0.244751
      7.57809     0.252474
      7.78266     0.259643
      7.99342     0.322855
      8.20939     0.333847
      8.43161     0.343974
      8.65954     0.353291
      8.89375     0.361744
      9.13425     0.369121
      9.38172     0.375346
      9.63547     0.380253
      9.89622     0.383721
      10.1631     0.385792
      10.4387     0.386272
      10.7203     0.385017
      11.0107     0.381972
      11.3080     0.377084
      11.6142     0.370299
      11.9282     0.361697
      12.2512     0.350664
      12.5825     0.336640
      12.9228     0.323847
      13.2723     0.309572
      13.6313     0.294033
      14.0000     0.277433
      14.3787     0.259973
      14.7677     0.241932
      15.1669     0.223543
      15.5773     0.204984
      15.9986     0.186550
      16.4312     0.168583
      16.8756     0.151093
      17.3322     0.134235
      17.8010     0.119152
      18.2825     0.105478
      18.7768    0.0914867
      19.2847    0.0783139
      19.8064    0.0667090
      20.3420    0.0564473
      20.8922    0.0472576
      21.4574    0.0391187
      22.0375    0.0480646
      22.6338    0.0399577
      23.2458    0.0332468
      23.8748    0.0270191
      24.5204    0.0216900
      25.1833    0.0171858
      25.8648    0.0134280
      26.5642    0.0103416
      27.2827     0.307750
      28.0209     0.285910
      28.7787     0.264757
      29.5568     0.244425
      30.3565     0.224559
      31.1772     0.205279
      32.0204     0.186746
      32.8868     0.167858
      33.7765     0.150017
      34.6895     0.132962
      35.6277     0.117208
      36.5920     0.102878
      37.5815    0.0895790
      38.5983    0.0773300
      39.6425    0.0661510
      40.7140    0.0560611
      41.8154    0.0470407
      42.9467    0.0390467
      44.1080    0.0643465
      45.3007    0.0544034
      46.5266    0.0457902
      47.7837    0.0389352
      49.0776    0.0330477
      50.4046    0.0278934
      51.7685    0.0233540
      53.1672    0.0192626
      54.6051    0.0156297
      56.0823    0.0124138
      57.5989   0.00966532
      59.1573   0.00747257
      60.7577   0.00569313
      62.4000   0.00429236
      64.0904   0.00324957
      65.8224   0.00243190
      67.6028   0.00179164
      69.4315   0.00131462
      71.3086   0.00103310
      73.2380  0.000818483
      75.2199  0.000644730
      77.2543  0.000506108
      79.3408  0.000401461
      81.4895  0.000316838
      83.6900  0.000252954
      85.9590  0.000203155
      88.2789  0.000162350
      90.6677  0.000129835
      93.1195  0.000103601
      95.6411  8.24395e-05
      98.2252  6.53332e-05
      100.887  5.60900e-05
      103.611  5.19010e-05
      106.412  4.76683e-05
      109.292  4.34249e-05
      112.251  3.93696e-05
      115.289  3.66264e-05
      118.405  3.40307e-05
      121.611  3.19719e-05
      124.894  3.02232e-05
      128.272  2.96117e-05
      131.741  2.90451e-05
      135.304  2.86926e-05
      138.964  2.82333e-05
      142.722  2.82579e-05
      146.583  3.26388e-05
      150.548  3.66828e-05
      154.620  4.02320e-05
      158.802  4.26283e-05
      163.097  4.14488e-05
      167.509  3.85798e-05
      172.040  0.000554175
      176.691  0.000335608
      181.471  0.000194126
      186.379  8.00825e-05
      191.421  2.48383e-05
      196.597  6.61321e-06
      201.915  1.30255e-06
      207.377  1.83307e-07
      212.985  2.18830e-08
      218.746  2.32148e-09
      224.661  1.82910e-10
      230.741  1.17223e-11
      236.982  5.53770e-13
      243.389  1.96069e-14
      249.975  2.58030e-15
      256.736  5.61655e-16
      263.676  1.78571e-16
      270.807  1.20395e-16
      278.134  1.35623e-16
      285.658  2.85127e-16
      293.385  1.52043e-15
      301.315  1.09504e-14
      309.469  7.19300e-14
      317.839  4.45985e-13
      326.434  2.39468e-12
      335.262  9.50436e-12
      344.332  3.04916e-11
      353.644  8.10499e-11
      363.208  1.46407e-10
      373.033  2.51361e-10
      383.120  2.09079e-10
      393.481  1.64105e-10
      404.127  8.53850e-11
      415.060  2.75548e-11
      426.292  8.57738e-12
      437.809  2.58224e-12
      449.655  7.34200e-13
      461.816  2.84849e-13
      474.308  1.48235e-13
      487.131  7.66318e-14
      500.323  5.66174e-14
      513.844  5.51728e-14
      527.734  5.25511e-14
      542.016  5.14709e-14
      556.668  8.83784e-14
      571.738  1.73299e-13
      587.202  3.20680e-13
      603.084  5.30035e-13
      619.385  8.19061e-13
      636.135  1.07528e-12
      653.368  1.08916e-12
      671.015  1.05641e-12
      689.182  8.94571e-13
      707.793  7.78991e-13
      726.969  6.28746e-13
      746.627  4.15312e-13
      766.809  2.52467e-13
      787.561  1.53766e-13
      808.834  6.09564e-14
      830.731  4.63306e-15
      853.200  5.45498e-17
      876.299  5.79007e-18
      899.964  1.47646e-18
      924.322  4.00756e-19
      949.307  1.43008e-19
      974.990  4.95308e-20
      1001.37  1.80615e-20
      1028.46  6.92843e-21
      1056.23  2.54838e-21
      1084.79  8.75212e-22
      1114.14  2.71671e-22
      1144.27  5.11842e-23
      1175.29  7.99443e-24
      1207.11  1.09739e-24
      1239.70  1.32912e-25
