;  Henke Model results for SAM filter and Si diode transmission
;  Filter:  C/Al/Ti/SiO (600 Ang/2700 A/3400 A/70 A)
;  Si diode:  5 micron thick assumed (1. - transmission)
;
; 7/23/09:  updated with new Gain (near 2.0) to match rocket SURF results at different beam energies
;
 301 lines : SAM Filter Transmission - Version 7
 2 columns : wavelength (nm),  transmission
    0.0413233   0.00134157
    0.0424409   0.00145768
    0.0435885   0.00158365
    0.0447674   0.00172037
    0.0459795   0.00186867
    0.0472231   0.00202955
    0.0484997   0.00220402
    0.0498112   0.00239321
    0.0511596   0.00259846
    0.0525430   0.00282102
    0.0539634   0.00306219
    0.0554229   0.00332372
    0.0569218   0.00360726
    0.0584626   0.00391459
    0.0600426   0.00424757
    0.0616674   0.00460842
    0.0633340   0.00499926
    0.0650488   0.00542218
    0.0668086   0.00587963
    0.0686130   0.00637410
    0.0704695   0.00690920
    0.0723743   0.00748753
    0.0743315   0.00811285
    0.0763456   0.00878915
    0.0784074   0.00951927
    0.0805314    0.0103088
    0.0827073    0.0111610
    0.0849459    0.0120815
    0.0872414    0.0130763
    0.0895996    0.0141485
    0.0920273    0.0153078
    0.0945109    0.0165563
    0.0970715    0.0179043
    0.0996944    0.0193567
     0.102395    0.0209240
     0.105166    0.0226129
     0.108007    0.0244314
     0.110925    0.0263887
     0.113933    0.0284980
     0.117008    0.0307653
     0.120173    0.0332041
     0.123427    0.0356491
     0.126763    0.0382302
     0.130192    0.0412242
     0.133712    0.0444336
     0.137329    0.0478785
     0.141043    0.0515686
     0.144859    0.0555228
     0.148777    0.0597517
     0.152800    0.0642754
     0.156934    0.0691097
     0.161178    0.0742683
     0.165538    0.0797688
     0.170015    0.0856303
     0.174613    0.0918669
     0.179337    0.0984923
     0.184186     0.105525
     0.189169     0.112985
     0.194286     0.120874
     0.199540     0.129208
     0.204936     0.138003
     0.210479     0.147266
     0.216171     0.156994
     0.222021     0.167202
     0.228024     0.177881
     0.234193     0.189035
     0.240527     0.200643
     0.247031     0.212705
     0.253715     0.249208
     0.260573     0.265207
     0.267621     0.281926
     0.274860     0.299346
     0.282295     0.317447
     0.289934     0.336184
     0.297776     0.355540
     0.305827     0.375445
     0.314103     0.395847
     0.322595     0.416667
     0.331320     0.437803
     0.340278     0.459180
     0.349487     0.480700
     0.358938     0.502223
     0.368640     0.523578
     0.378615     0.544671
     0.388852     0.565292
     0.399375     0.585311
     0.410171     0.604530
     0.421265     0.622803
     0.432660     0.639937
     0.444369     0.655736
     0.456393     0.670084
     0.468731     0.682765
     0.481399     0.693695
     0.494436     0.702693
     0.507803     0.709697
     0.521540     0.714617
     0.535646     0.717409
     0.550122     0.718011
     0.565015     0.716464
     0.580302     0.712779
     0.595981     0.707020
     0.612107     0.699281
     0.628651     0.689755
     0.645677     0.678423
     0.663118     0.665398
     0.681079     0.200250
     0.699487     0.207346
     0.718417     0.213947
     0.737829     0.219835
     0.757809     0.225148
     0.778266     0.229774
     0.799342     0.309676
     0.820939     0.319232
     0.843161     0.327850
     0.865954     0.335582
     0.889375     0.342360
     0.913425     0.347979
     0.938172     0.352369
     0.963547     0.355380
     0.989622     0.356908
      1.01631     0.357013
      1.04387     0.355518
      1.07203     0.352310
      1.10107     0.347353
      1.13080     0.340632
      1.16142     0.332125
      1.19282     0.321947
      1.22512     0.309641
      1.25825     0.294709
      1.29228     0.280905
      1.32723     0.265892
      1.36313     0.249933
      1.40000     0.233235
      1.43787     0.215997
      1.47677     0.198500
      1.51669     0.180979
      1.55773     0.163603
      1.59986     0.146646
      1.64312     0.130418
      1.68756     0.114911
      1.73322     0.100250
      1.78010    0.0873739
      1.82825    0.0759178
      1.87768    0.0644314
      1.92847    0.0538618
      1.98064    0.0447764
      2.03420    0.0369422
      2.08922    0.0301068
      2.14574    0.0242186
      2.20375    0.0304757
      2.26338    0.0246277
      2.32458    0.0198869
      2.38748    0.0156541
      2.45204    0.0121479
      2.51833   0.00928696
      2.58648   0.00698638
      2.65642   0.00516857
      2.72827     0.240421
      2.80209     0.219824
      2.87787     0.200259
      2.95568     0.181842
      3.03565     0.164154
      3.11772     0.147296
      3.20204     0.131394
      3.28868     0.115568
      3.37765     0.100881
      3.46895    0.0871482
      3.56277    0.0746667
      3.65920    0.0636039
      3.75815    0.0536403
      3.85983    0.0447525
      3.96425    0.0369143
      4.07140    0.0300926
      4.18154    0.0242270
      4.29467    0.0192404
      4.41080    0.0273782
      4.53007    0.0218814
      4.65266    0.0173907
      4.77837    0.0140438
      4.90776    0.0113086
      5.04046   0.00903367
      5.17685   0.00713734
      5.31672   0.00553429
      5.46051   0.00420416
      5.60823   0.00310063
      5.75988   0.00222114
      5.91573   0.00157357
      6.07577   0.00109280
      6.24000  0.000747657
      6.40904  0.000512258
      6.58224  0.000345120
      6.76028  0.000227453
      6.94315  0.000149423
      7.13086  0.000108698
      7.32380  8.00848e-05
      7.52199  5.85268e-05
      7.72543  4.25478e-05
      7.93408  3.12602e-05
      8.14895  2.28021e-05
      8.36900  1.69575e-05
      8.59590  1.27381e-05
      8.82789  9.50883e-06
      9.06677  7.09471e-06
      9.31195  5.27484e-06
      9.56411  3.90339e-06
      9.82252  2.87326e-06
      10.0887  2.39504e-06
      10.3611  2.24541e-06
      10.6412  2.08731e-06
      10.9292  1.92266e-06
      11.2251  1.76204e-06
      11.5289  1.66297e-06
      11.8405  1.56752e-06
      12.1611  1.50469e-06
      12.4894  1.46008e-06
      12.8272  1.46824e-06
      13.1741  1.48574e-06
      13.5304  1.51550e-06
      13.8964  1.53886e-06
      14.2722  1.60378e-06
      14.6583  2.06595e-06
      15.0548  2.60615e-06
      15.4620  3.18150e-06
      15.8802  3.71738e-06
      16.3097  3.92328e-06
      16.7509  3.92455e-06
      17.2040  0.000221208
      17.6691  0.000126290
      18.1471  6.84281e-05
      18.6379  2.52750e-05
      19.1421  6.76234e-06
      19.6597  1.52307e-06
      20.1915  2.43923e-07
      20.7377  2.66369e-08
      21.2985  2.41303e-09
      21.8746  1.91289e-10
      22.4661  1.08293e-11
      23.0741  4.86471e-13
      23.6982  1.55176e-14
      24.3389  3.57555e-16
      24.9975  3.65174e-17
      25.6736  6.60336e-18
      26.3676  1.83675e-18
      27.0807  1.20093e-18
      27.8134  1.41056e-18
      28.5658  3.37665e-18
      29.3385  2.32625e-17
      30.1315  2.25819e-16
      30.9469  1.98015e-15
      31.7839  1.62789e-14
      32.6434  1.13602e-13
      33.5262  5.64172e-13
      34.4332  2.20654e-12
      35.3644  6.99098e-12
      36.3208  1.43595e-11
      37.3033  2.79425e-11
      38.3120  2.40028e-11
      39.3481  1.93766e-11
      40.4127  9.85349e-12
      41.5060  2.92799e-12
      42.6292  8.36419e-13
      43.7809  2.30930e-13
      44.9655  6.00251e-14
      46.1816  2.22947e-14
      47.4308  1.15624e-14
      48.7131  5.93316e-15
      50.0323  4.57918e-15
      51.3844  4.85939e-15
      52.7734  5.04856e-15
      54.2016  5.40984e-15
      55.6668  1.06892e-14
      57.1738  2.46159e-14
      58.7202  5.32202e-14
      60.3084  1.01448e-13
      61.9385  1.74245e-13
      63.6135  2.43220e-13
      65.3368  2.52806e-13
      67.1015  2.49640e-13
      68.9182  2.11421e-13
      70.7793  1.80548e-13
      72.6969  1.38571e-13
      74.6627  8.37293e-14
      76.6809  4.54658e-14
      78.7561  2.31276e-14
      80.8834  6.25248e-15
      83.0731  1.53566e-16
      85.3200  2.44224e-19
      87.6299  9.04886e-21
      89.9964  1.20529e-21
      92.4322  1.77317e-22
      94.9307  3.59170e-23
      97.4990  7.05549e-24
      100.137  1.52376e-24
      102.846  3.61187e-25
      105.623  8.05859e-26
      108.479  1.65005e-26
      111.414  2.99116e-27
      114.427  2.81179e-28
      117.529  2.10878e-29
      120.711  1.34092e-30
      123.970  7.23977e-32
