;  Henke Model results for SAM filter and Si diode transmission
;  Filter:  C/Al/Ti/SiO (700 Ang/2450 A/3000 A/70 A)
;  Si diode:  5 micron thick assumed (1. - transmission)
;
; 7/15/09:  updated C and Al thickness to match better rocket SURF result at different beam energies
;
 301 lines : SAM Filter Transmission - Version 4
 2 columns : wavelength (nm),  transmission
    0.0413233   0.00134169
    0.0424409   0.00145782
    0.0435885   0.00158381
    0.0447674   0.00172056
    0.0459795   0.00186889
    0.0472231   0.00202982
    0.0484997   0.00220434
    0.0498112   0.00239358
    0.0511596   0.00259889
    0.0525430   0.00282153
    0.0539634   0.00306278
    0.0554229   0.00332442
    0.0569218   0.00360809
    0.0584626   0.00391556
    0.0600426   0.00424870
    0.0616674   0.00460975
    0.0633340   0.00500083
    0.0650488   0.00542402
    0.0668086   0.00588178
    0.0686130   0.00637662
    0.0704695   0.00691215
    0.0723743   0.00749099
    0.0743315   0.00811691
    0.0763456   0.00879390
    0.0784074   0.00952483
    0.0805314    0.0103153
    0.0827073    0.0111687
    0.0849459    0.0120903
    0.0872414    0.0130867
    0.0895996    0.0141606
    0.0920273    0.0153220
    0.0945109    0.0165728
    0.0970715    0.0179236
    0.0996944    0.0193793
     0.102395    0.0209504
     0.105166    0.0226436
     0.108007    0.0244672
     0.110925    0.0264304
     0.113933    0.0285466
     0.117008    0.0308219
     0.120173    0.0332699
     0.123427    0.0357259
     0.126763    0.0383197
     0.130192    0.0413283
     0.133712    0.0445545
     0.137329    0.0480187
     0.141043    0.0517313
     0.144859    0.0557114
     0.148777    0.0599702
     0.152800    0.0645283
     0.156934    0.0694022
     0.161178    0.0746064
     0.165538    0.0801594
     0.170015    0.0860811
     0.174613    0.0923866
     0.179337    0.0990909
     0.184186     0.106214
     0.189169     0.113776
     0.194286     0.121783
     0.199540     0.130251
     0.204936     0.139198
     0.210479     0.148632
     0.216171     0.158555
     0.222021     0.168984
     0.228024     0.179910
     0.234193     0.191343
     0.240527     0.203263
     0.247031     0.215674
     0.253715     0.249928
     0.260573     0.266032
     0.267621     0.282871
     0.274860     0.300427
     0.282295     0.318682
     0.289934     0.337593
     0.297776     0.357145
     0.305827     0.377269
     0.314103     0.397919
     0.322595     0.419014
     0.331320     0.440458
     0.340278     0.462178
     0.349487     0.484077
     0.358938     0.506021
     0.368640     0.527838
     0.378615     0.549439
     0.388852     0.570616
     0.399375     0.591242
     0.410171     0.611118
     0.421265     0.630102
     0.432660     0.648003
     0.444369     0.664623
     0.456393     0.679847
     0.468731     0.693460
     0.481399     0.705373
     0.494436     0.715406
     0.507803     0.723493
     0.521540     0.729542
     0.535646     0.733503
     0.550122     0.735310
     0.565015     0.735000
     0.580302     0.732577
     0.595981     0.728099
     0.612107     0.721649
     0.628651     0.713407
     0.645677     0.703369
     0.663118     0.691636
     0.681079     0.208719
     0.699487     0.216752
     0.718417     0.224352
     0.737829     0.231282
     0.757809     0.237702
     0.778266     0.243494
     0.799342     0.320997
     0.820939     0.331770
     0.843161     0.341668
     0.865954     0.350744
     0.889375     0.358942
     0.913425     0.366049
     0.938172     0.371990
     0.963547     0.376600
     0.989622     0.379759
      1.01631     0.381508
      1.04387     0.381656
      1.07203     0.380067
      1.10107     0.376688
      1.13080     0.371472
      1.16142     0.364369
      1.19282     0.355467
      1.22512     0.344182
      1.25825     0.329953
      1.29228     0.316930
      1.32723     0.302463
      1.36313     0.286774
      1.40000     0.270073
      1.43787     0.252561
      1.47677     0.234520
      1.51669     0.216186
      1.55773     0.197737
      1.59986     0.179468
      1.64312     0.161717
      1.68756     0.144491
      1.73322     0.127944
      1.78010     0.113180
      1.82825    0.0998346
      1.87768    0.0862274
      1.92847    0.0734695
      1.98064    0.0622816
      2.03420    0.0524354
      2.08922    0.0436612
      2.14574    0.0359323
      2.20375    0.0438774
      2.26338    0.0362410
      2.32458    0.0299488
      2.38748    0.0241608
      2.45204    0.0192428
      2.51833    0.0151211
      2.58648    0.0117117
      2.65642   0.00893595
      2.72827     0.263282
      2.80209     0.242003
      2.87787     0.221661
      2.95568     0.202383
      3.03565     0.183755
      3.11772     0.165888
      3.20204     0.148916
      3.28868     0.131975
      3.37765     0.116190
      3.46895     0.101309
      3.56277    0.0876348
      3.65920    0.0753795
      3.75815    0.0642304
      3.85983    0.0541790
      3.96425    0.0452138
      4.07140    0.0373162
      4.18154    0.0304379
      4.29467    0.0245115
      4.41080    0.0391059
      4.53007    0.0319375
      4.65266    0.0259514
      4.77837    0.0213948
      4.90776    0.0175904
      5.04046    0.0143575
      5.17685    0.0116038
      5.31672   0.00922186
      5.46051   0.00719524
      5.60823   0.00546556
      5.75988   0.00404281
      5.91573   0.00295988
      6.07577   0.00212823
      6.24000   0.00150946
      6.40904   0.00107142
      6.58224  0.000748859
      6.76028  0.000513075
      6.94315  0.000350663
      7.13086  0.000262939
      7.32380  0.000199466
      7.52199  0.000150238
      7.72543  0.000112612
      7.93408  8.51744e-05
      8.14895  6.39915e-05
      8.36900  4.89098e-05
      8.59590  3.77204e-05
      8.82789  2.89232e-05
      9.06677  2.21688e-05
      9.31195  1.69370e-05
      9.56411  1.28891e-05
      9.82252  9.76149e-06
      10.0887  8.28256e-06
      10.3611  7.82600e-06
      10.6412  7.33746e-06
      10.9292  6.82181e-06
      11.2251  6.31033e-06
      11.5289  5.98870e-06
      11.8405  5.67558e-06
      12.1611  5.46760e-06
      12.4894  5.31825e-06
      12.8272  5.35867e-06
      13.1741  5.40296e-06
      13.5304  5.48412e-06
      13.8964  5.54219e-06
      14.2722  5.73310e-06
      14.6583  7.18669e-06
      15.0548  8.85000e-06
      15.4620  1.05764e-05
      15.8802  1.21479e-05
      16.3097  1.27420e-05
      16.7509  1.27352e-05
      17.2040  0.000495111
      17.6691  0.000298848
      18.1471  0.000172133
      18.6379  7.06567e-05
      19.1421  2.18066e-05
      19.6597  5.77762e-06
      20.1915  1.13218e-06
      20.7377  1.58492e-07
      21.2985  1.88172e-08
      21.8746  1.98491e-09
      22.4661  1.55478e-10
      23.0741  9.92702e-12
      23.6982  4.67219e-13
      24.3389  1.64798e-14
      24.9975  2.16036e-15
      25.6736  4.68384e-16
      26.3676  1.48356e-16
      27.0807  9.97982e-17
      27.8134  1.12192e-16
      28.5658  2.35378e-16
      29.3385  1.25252e-15
      30.1315  9.00184e-15
      30.9469  5.90108e-14
      31.7839  3.65249e-13
      32.6434  1.95780e-12
      33.5262  7.75686e-12
      34.4332  2.48416e-11
      35.3644  6.59153e-11
      36.3208  1.18856e-10
      37.3033  2.03696e-10
      38.3120  1.69173e-10
      39.3481  1.32581e-10
      40.4127  6.88769e-11
      41.5060  2.21930e-11
      42.6292  6.89760e-12
      43.7809  2.07330e-12
      44.9655  5.88561e-13
      46.1816  2.27984e-13
      47.4308  1.18139e-13
      48.7131  6.06863e-14
      50.0323  4.45441e-14
      51.3844  4.31172e-14
      52.7734  4.07859e-14
      54.2016  3.96487e-14
      55.6668  6.74234e-14
      57.1738  1.30888e-13
      58.7202  2.39691e-13
      60.3084  3.91927e-13
      61.9385  5.98928e-13
      63.6135  7.74850e-13
      65.3368  7.72725e-13
      67.1015  7.37473e-13
      68.9182  6.14031e-13
      70.7793  5.21688e-13
      72.6969  4.08532e-13
      74.6627  2.58666e-13
      76.6809  1.48928e-13
      78.7561  8.41086e-14
      80.8834  2.68979e-14
      83.0731  9.74295e-16
      85.3200  2.97972e-18
      87.6299  1.62557e-19
      89.9964  2.83405e-20
      92.4322  5.39830e-21
      94.9307  1.42896e-21
      97.4990  3.67200e-22
      100.137  1.02293e-22
      102.846  3.08508e-23
      105.623  8.82409e-24
      108.479  2.32901e-24
      111.414  5.47223e-25
      114.427  7.06303e-26
      117.529  7.34434e-27
      120.711  6.54597e-28
      123.970  5.01534e-29
