 301 lines  : Si QE model (Henke constants and IRD Si diode measurements)  T. Woods 9/21/04
 3 columns :  Wavelength_nm  IRD_Si_QE_%  Si_QE_25nm_dead_layer_%
    0.0413233     0.122534     0.122534
    0.0424409     0.132834     0.132833
    0.0435885     0.143740     0.143739
    0.0447674     0.155240     0.155239
    0.0459795     0.167308     0.167306
    0.0472231     0.182857     0.182855
    0.0484997     0.199686     0.199684
    0.0498112     0.217815     0.217812
    0.0511596     0.237308     0.237305
    0.0525430     0.258200     0.258197
    0.0539634     0.280532     0.280528
    0.0554229     0.304339     0.304335
    0.0569218     0.329631     0.329626
    0.0584626     0.356400     0.356393
    0.0600426     0.384714     0.384706
    0.0616674     0.419537     0.419528
    0.0633340     0.456947     0.456936
    0.0650488     0.497024     0.497012
    0.0668086     0.539824     0.539809
    0.0686130     0.585375     0.585358
    0.0704695     0.633752     0.633731
    0.0723743     0.684883     0.684859
    0.0743315     0.738729     0.738701
    0.0763456     0.795176     0.795143
    0.0784074     0.862957     0.862919
    0.0805314     0.939975     0.939930
    0.0827073      1.02254      1.02249
    0.0849459      1.11094      1.11087
    0.0872414      1.20541      1.20533
    0.0895996      1.30581      1.30572
    0.0920273      1.41255      1.41244
    0.0945109      1.52518      1.52506
    0.0970715      1.64387      1.64373
    0.0996944      1.76816      1.76800
     0.102395      1.92069      1.92050
     0.105166      2.08691      2.08669
     0.108007      2.26450      2.26423
     0.110925      2.45371      2.45340
     0.113933      2.65503      2.65467
     0.117008      2.86807      2.86765
     0.120173      3.09291      3.09242
     0.123427      3.31319      3.31262
     0.126763      3.53921      3.53855
     0.130192      3.81176      3.81100
     0.133712      4.13548      4.13459
     0.137329      4.48099      4.47994
     0.141043      4.84824      4.84701
     0.144859      5.23775      5.23632
     0.148777      5.64895      5.64728
     0.152800      6.08176      6.07981
     0.156934      6.53526      6.53300
     0.161178      7.00778      7.00516
     0.165538      7.49737      7.49434
     0.170015      8.10664      8.10310
     0.174613      8.76567      8.76153
     0.179337      9.46355      9.45872
     0.184186      10.2003      10.1947
     0.189169      10.9758      10.9692
     0.194286      11.7872      11.7796
     0.199540      12.6327      12.6239
     0.204936      13.5093      13.4992
     0.210479      14.4123      14.4006
     0.216171      15.4190      15.4055
     0.222021      16.6122      16.5966
     0.228024      17.8662      17.8481
     0.234193      19.1801      19.1590
     0.240527      20.5490      20.5247
     0.247031      21.9697      21.9416
     0.253715      23.4350      23.4027
     0.260573      24.9361      24.8990
     0.267621      26.4642      26.4218
     0.274860      28.0063      27.9579
     0.282295      29.8361      29.7805
     0.289934      31.8374      31.7735
     0.297776      33.8961      33.8228
     0.305827      35.9990      35.9151
     0.314103      38.1334      38.0377
     0.322595      40.2820      40.1731
     0.331320      42.4244      42.3010
     0.340278      44.5407      44.4012
     0.349487      46.6066      46.4496
     0.358938      48.7325      48.5558
     0.368640      51.3668      51.1665
     0.378615      53.9933      53.7669
     0.388852      56.5825      56.3274
     0.399375      59.1121      58.8257
     0.410171      61.5505      61.2303
     0.421265      63.8715      63.5146
     0.432660      66.0414      65.6451
     0.444369      68.0250      67.5869
     0.456393      69.7933      69.3111
     0.468731      71.9363      71.4033
     0.481399      74.2903      73.7002
     0.494436      76.4722      75.8213
     0.507803      78.4592      77.7439
     0.521540      80.2293      79.4462
     0.535646      81.7604      80.9062
     0.550122      83.0302      82.1024
     0.565015      84.0255      83.0218
     0.580302      84.7291      83.6477
     0.595981      85.2024      84.0412
     0.612107      86.5356      85.2775
     0.628651      87.6626      86.3049
     0.645677      88.5999      87.1376
     0.663118      89.3365      87.7653
     0.681079      27.5699      27.5148
     0.699487      29.3715      29.3081
     0.718417      31.1915      31.1188
     0.737829      32.9775      32.8947
     0.757809      34.7668      34.6728
     0.778266      36.7647      36.6576
     0.799342      39.0793      38.9567
     0.820939      41.4341      41.2942
     0.843161      43.7742      43.6152
     0.865954      46.0996      45.9197
     0.889375      48.4123      48.2093
     0.913425      50.6812      50.4529
     0.938172      52.8908      52.6350
     0.963547      55.0059      54.7202
     0.989622      56.9914      56.6736
      1.01631      59.5982      59.2415
      1.04387      62.2288      61.8290
      1.07203      64.7739      64.3273
      1.10107      67.2194      66.7221
      1.13080      69.5261      68.9742
      1.16142      71.6644      71.0542
      1.19282      73.6069      72.9346
      1.22512      75.1152      74.3839
      1.25825      76.0700      75.2886
      1.29228      77.7248      76.8664
      1.32723      79.8752      78.9270
      1.36313      81.7698      80.7290
      1.40000      83.4140      82.2773
      1.43787      84.8268      83.5892
      1.47677      85.9929      84.6494
      1.51669      86.9002      85.4459
      1.55773      87.5417      85.9719
      1.59986      87.9157      86.2249
      1.64312      87.9992      86.1850
      1.68756      88.3380      86.3858
      1.73322      89.0990      86.9886
      1.78010      89.8616      87.5817
      1.82825      90.4536      87.9964
      1.87768      90.8726      88.2306
      1.92847      91.1242      88.2918
      1.98064      91.2122      88.1829
      2.03420      91.1338      87.9014
      2.08922      90.8847      87.4424
      2.14574      90.4589      86.8003
      2.20375      89.9229      86.0392
      2.26338      90.3273      86.1612
      2.32458      90.6401      86.8937
      2.38748      90.8251      86.8161
      2.45204      90.8882      86.6249
      2.51833      90.8206      86.2948
      2.58648      90.6118      85.8154
      2.65642      90.2509      85.1767
      2.72827      90.0900      84.7108
      2.80209      90.3741      84.6438
      2.87787      90.5477      84.4517
      2.95568      90.6014      84.1261
      3.03565      90.5254      83.6574
      3.11772      90.3088      83.0373
      3.20204      89.9587      82.2724
      3.28868      90.2263      82.0433
      3.37765      90.3823      81.6763
      3.46895      90.4173      81.1691
      3.56277      90.3212      80.5134
      3.65920      90.0830      79.7000
      3.75815      90.0877      79.0692
      3.85983      90.2525      78.5414
      3.96425      90.2972      77.8700
      4.07140      90.2119      77.0476
      4.18154      89.9856      76.0663
      4.29467      90.1048      75.3893
      4.41080      90.2027      74.6939
      4.53007      90.1752      73.8578
      4.65266      90.0117      72.8744
      4.77837      90.4653      72.3495
      4.90776      91.3112      72.0843
      5.04046      91.7851      71.4709
      5.17685      91.4265      70.1648
      5.31672      90.9531      68.7355
      5.46051      90.6928      67.4307
      5.60823      90.2763      65.9729
      5.75988      89.6917      64.3599
      5.91573      90.2135      63.4953
      6.07577      91.1159      62.8322
      6.24000      91.9578      62.0556
      6.40904      90.7176      59.8314
      6.58224      88.0747      56.6746
      6.76028      85.0792      53.3099
      6.94315      82.1187      50.3880
      7.13086      78.9130      47.6120
      7.32380      75.7994      45.1867
      7.52199      75.8959      45.2697
      7.72543      75.8882      45.3748
      7.93408      76.7677      45.9536
      8.14895      78.1974      46.7779
      8.36900      79.5352      46.6493
      8.59590      80.6705      46.2591
      8.82789      81.7755      45.7973
      9.06677      82.3298      45.6890
      9.31195      81.3748      45.0840
      9.56411      80.6000      45.3515
      9.82252      80.8112      46.2884
      10.0887      80.9207      47.8644
      10.3611      80.9168      50.2770
      10.6412      80.7979      52.6561
      10.9292      80.5866      54.8158
      11.2251      80.2337      56.0289
      11.5289      79.7315      57.0332
      11.8405      80.7266      59.0340
      12.1611      82.2039      61.3436
      12.4894      83.6777      63.6115
      12.8272      84.5870      79.4797
      13.1741      85.1854      79.7585
      13.5304      85.6971      79.9753
      13.8964      85.7678      79.7989
      14.2722      85.6282      79.4171
      14.6583      85.2276      78.7846
      15.0548      83.9512      77.3371
      15.4620      82.4427      75.6742
      15.8802      82.0863      75.0685
      16.3097      82.3053      75.0034
      16.7509      81.9440      74.4042
      17.2040      80.4643      72.7858
      17.6691      79.3851      71.5284
      18.1471      79.2843      71.1449
      18.6379      78.9670      70.5575
      19.1421      78.2614      69.6160
      19.6597      77.5939      68.7055
      20.1915      77.2575      68.0839
      20.7377      77.4162      67.8877
      21.2985      78.3458      68.3506
      21.8746      78.4665      68.0905
      22.4661      78.0440      67.3475
      23.0741      77.8596      66.7994
      23.6982      77.5137      66.1019
      24.3389      76.8996      65.1668
      24.9975      76.1565      64.1151
      25.6736      75.5926      63.2301
      26.3676      75.9104      63.1750
      27.0807      76.0913      63.0370
      27.8134      75.7502      62.4594
      28.5658      75.2686      61.7614
      29.3385      75.1898      61.3884
      30.1315      75.7422      61.5207
      30.9469      76.2293      61.5870
      31.7839      76.4610      61.4355
      32.6434      76.5860      61.1878
      33.5262      76.3493      60.6723
      34.4332      75.7961      59.9733
      35.3644      75.5413      59.6045
      36.3208      75.8983      59.7233
      37.3033      76.1727      59.7731
      38.3120      76.3573      59.7567
      39.3481      76.3841      59.5975
      40.4127      76.1743      59.2463
      41.5060      75.7109      58.6055
      42.6292      74.9456      57.6679
      43.7809      74.3080      56.7871
      44.9655      73.6574      55.8936
      46.1816      73.5640      55.3809
      47.4308      73.3760      54.7084
      48.7131      73.0640      53.9249
      50.0323      72.5257      52.8546
      51.3844      71.8093      51.4925
      52.7734      70.2226      49.4948
      54.2016      68.0763      47.0044
      55.6668      65.9009      44.4833
      57.1738      63.8014      42.0625
      58.7202      61.9136      39.5404
      60.3084      61.3442      37.5727
      61.9385      59.5225      34.8269
      63.6135      56.8408      31.7264
      65.3368      54.0964      28.7231
      67.1015      51.4549      26.2215
      68.9182      48.8460      23.5224
      70.7793      46.4493      20.5077
      72.6969      44.2477      18.0164
      74.6627      42.6458      15.9994
      76.6809      41.0550      14.0313
      78.7561      39.9689      12.2811
      80.8834      38.5387      10.3324
      83.0731      37.0104      8.28402
      85.3200      35.9548      6.80459
      87.6299      34.9366      5.53671
      89.9964      34.3686      4.82800
      92.4322      34.0600      4.42744
      94.9307      33.3383      4.07094
      97.4990      32.5081      3.77324
      100.137      31.5638      3.60188
      102.846      30.6921      3.52261
      105.623      31.7715      3.76385
      108.479      32.8937      3.96676
      111.414      34.0600      4.12654
      114.427      35.2626      3.84791
      117.529      36.1611      3.53460
      120.711      38.8824      3.38658
      123.970      40.5444      3.13012
